0.33391135761857405,-0.0021438229524029704
0.3382872246162713,-0.0021287466696322623
0.3436444988955274,-0.0020983277785202458
0.34943984398012373,-0.00205618713392693
0.3555233805428258,-0.0020027529572795274
0.36186674903883836,-0.0019366188515359778
0.36846630340521397,-0.0018559047015970468
0.3753089114527194,-0.0017592033520833013
0.38236490985681343,-0.0016459504587585663
0.3895929460419339,-0.0015163364057050538
0.3969483867075676,-0.0013709773723424596
0.40439088133280937,-0.0012105368250243031
0.4118892893767325,-0.0010354184065273211
0.4194237463782355,-0.0008455837627013305
0.4269853848319702,-0.0006405013377244754
0.4345744524110612,-0.00041920473019461436
0.44219754957765733,-0.00018042630503425363
0.44986460032261655,7.723183844531407e-05
0.45758603947785015,0.0003551250165170229
0.46537056268343313,0.000654420098978777
0.4732236419217608,0.0009759961089728301
0.4811468668778772,0.001320400091896273
0.4891380442585173,0.0016878568099439211
0.4971918896465182,0.002078322529928396
0.5053010907650275,0.0024915678983273596
0.5134575098167091,0.002927273002346409
0.5216533197482458,0.0033851188877968823
0.5298819227010496,0.0038648632408075714
0.5381385641000822,0.004366392605921606
0.5464206195107112,0.004889748389930218
0.5547275837110398,0.005435128169364662
0.5630608269086603,0.0060028669531296056
0.5714232003538171,0.006593404830276949
0.5798185746862061,0.007207247899757933
0.5882513831280478,0.007844928765965813
0.5967262228610655,0.008506971527697058
0.6052475462335161,0.009193864454065264
0.6138194526861744,0.009906041762597007
0.6224455752044514,0.01064387435472388
0.6311290432276155,0.011407668193353288
0.639872497704528,0.012197668303515723
0.6486781329282117,0.013014066134547956
0.657547742845132,0.013857008171400021
0.6664827553445969,0.0147266041141936
0.6754842451427796,0.01562293353366504
0.6845529229809528,0.01654605053492922
0.6936891049372003,0.01749598652288438
0.7028926700272212,0.018472751588950564
0.7121630166389359,0.019476335293498105
0.7214990287193203,0.020506707695094634
0.7308990612899017,0.021563821396275256
0.740360952247233,0.022647615173038257
0.7498820640375679,0.02375801947841933
0.759459355203227,0.024894963807196763
0.769089478445126,0.02605838562209657
0.7787688990943239,0.027248240305752555
0.7884940259616414,0.028464511439212976
0.798261345548581,0.029707220627515612
0.8080675505400616,0.03097643609517902
0.8179096542544443,0.03227227935014682
0.8277850841335248,0.033594929348664336
0.8376917492024641,0.03494462376698867
0.847628078509244,0.03632165717968372
0.8575930296610165,0.037726376140493255
0.8675860685396731,0.03915917134527707
0.8776071229746522,0.04062046721600716
0.8876565144844554,0.04211070937260909
0.8977348731321309,0.04363035055201668
0.9078430410649778,0.04517983559049276
0.9179819704502763,0.046759586107906065
0.9281526213275303,0.04836998552488808
0.938355864428613,0.05001136500967863
0.9485923933427369,0.05168399089583813
0.9588626495859721,0.05338805403909897
0.9691667632359434,0.05512366149540521
0.9795045108688406,0.05689083080642111
0.9898752916248097,0.05868948707627847
1.000278121372894,0.060519462917537584
1.0107116441668913,0.06238050123781992
1.0211741595069441,0.06427226073490992
1.0316636633544913,0.06619432387016085
1.0421779004068805,0.06814620700162405
1.0527144248256222,0.07012737228276775
1.0632706664292182,0.07213724087307313
1.0738439993130104,0.07417520696639955
1.0844318099311092,0.07624065212328245
1.095031561868065,0.07833295939581804
1.1056408548243315,0.08045152675823933
1.1162574757215933,0.08259577940126743
1.1268794402880347,0.08476518051187534
1.1375050239782085,0.08695924023812579
1.1481327816013314,0.08917752262756838
1.1587615555466722,0.09141965042224671
1.1693904729816427,0.09368530768873021
1.1800189328412152,0.09597424035339239
1.1906465838002582,0.09828625479643069
1.201273294719492,0.10062121473001992
1.2118991192660455,0.10297903664326531
1.2225242565294538,0.10535968413763509
1.2331490094889308,0.10776316150089249
1.2437737431352016,0.11018950687461519
1.254398843929128,0.11263878536198686
1.265024682094976,0.11511108239968348
1.2756515780139885,0.11760649768263765
1.2862797737226475,0.12012513988606162
1.296909410234997,0.12266712237715284
1.3075405111235507,0.1252325600529492
1.3181729725136477,0.12782156738276457
1.3288065593829526,0.13043425767595082
1.3394409078260177,0.1330707435411669
1.3500755327383365,0.13573113845265622
1.3607098402109905,0.13841555929489407
1.3713431438025312,0.14112412972007887
1.381974683767974,0.14385698412404246
1.3926036482850537,0.14661427202680985
1.403229195708746,0.1493961626332016
1.413850476917627,0.1522028493478047
1.4244666568783149,0.15503455402638405
1.4350769346417205,0.1578915307615521
1.4456805611011734,0.1607740690243955
1.456276853968277,0.16368249601313664
1.4668652095651598,0.16661717809484242
1.4774451111788085,0.1695785212644287
1.488016133867598,0.17256697058500264
1.498577945755053,0.1755830086142207
1.5091303059741894,0.1786271528598512
1.5196730595442123,0.18169995234384537
1.5302061295607983,0.1848019833859725
1.5407295071569158,0.1879338447441057
1.5512432397515796,0.19109615226887544
1.5617474181323598,0.19428953324324727
1.5722421629299321,0.19751462058419922
1.58272761103102,0.20077204708306576
1.5932039024416107,0.20406243985353684
1.6036711680675297,0.2073864151436249
1.6141295188113167,0.2107445736488774
1.6245790363124162,0.21413749644174426
1.635019765575888,0.21756574160617742
1.6454517096466994,0.221029841638316
1.655874826405547,0.22453030164597665
1.6662890274746536,0.22806759835049495
1.6766941791476233,0.23164217986746
1.687090105188086,0.23525446621758656
1.6974765912806156,0.23890485049624838
1.7078533908726028,0.24259370061160013
1.7182202321065958,0.2463213614856544
1.7285768255198297,0.2500881576017731
1.7389228721762942,0.25389439577534184
1.749258071893987,0.25774036802151695
1.759582131243808,0.26162635439602155
1.7698947710136184,0.2655526256900299
1.7801957328606866,0.2695194458694257
1.7904847849121939,0.2735270741610689
1.800761726112056,0.2775757667033128
1.811026389162384,0.28166577769590034
1.8212786419515532,0.28579736000258393
1.8315183874141214,0.2899707651804378
1.841745561816667,0.2941862429303571
1.851960131510664,0.29844403998364966
1.8621620882439511,0.30274439846044965
1.8723514431604922,0.30708755375395486
1.8825282196599886,0.31147373201244133
1.8926924453209248,0.31590314730611485
1.9028441431158034,0.320375998578209
1.9129833221719457,0.3248924664901615
1.923109968339499,0.32945271027625145
1.9332240348376426,0.33405686472651763
1.9433254332470957,0.3387050374157453
1.9534140251059817,0.34339730629139786
1.963489614354067,0.34813371772587054
1.9735519408422473,0.3529142851258271
1.9836006750985185,0.3577389881770862
1.9936354145061106,0.36260777278559325
2.003655681008714,0.36752055175465376
2.0136609204200733,0.3724772062176574
2.0236505033669636,0.3774775878219931
2.0336237278518707,0.3825215216370914
2.043579823378885,0.3876088097370931
2.053517956540367,0.3927392353863491
2.0634372379285275,0.3979125677372948
2.0733367301966132,0.4031285669321568
2.0832154570673493,0.4083869894862505
2.093072413064235,0.41368759382035014
2.102906573721076,0.4190301458022818
2.11271690602145,0.4244144241565667
2.1225023788139334,0.42984022560205876
2.132261972953647,0.43530736958345567
2.141994690940159,0.440815702474139
2.1516995658293916,0.44636510113936667
2.161375669233154,0.4519554757682189
2.1710221182422913,0.4575867719010628
2.180638081142679,0.463258971601087
2.190222781836187,0.4689720937430544
2.199775502904386,0.47472619341373623
2.209295587301989,0.4805213604444247
2.218782438696366,0.48635771711707704
2.228235520504123,0.49223541510661484
2.23765435371449,0.49815463174231844
2.247038513605219,0.5041155656847243
2.2563876254917745,0.5101184321299089
2.265701359661365,0.516163457660844
2.2749794256561326,0.5222508748712076
2.284221566084606,0.5283809168907214
2.293427550130128,0.5345538119367057
2.30259716693394,0.5407697780141744
2.3117302190147395,0.5470290178768269
2.320826515875103,0.5533317143504094
2.32988586793353,0.5596780261076595
2.3389080808960983,0.5660680839675091
2.347892950665106,0.5725019877759787
2.3568402588585577,0.5789798039089308
2.3657497689893487,0.585501563419285
2.3746212233360295,0.5920672608361058
2.3834543405094926,0.5986768536059154
2.3922488137046365,0.6053302621535291
2.4010043096071234,0.6120273705270289
2.409720467908124,0.6187680275805184
2.4183969013729127,0.6255520486415029
2.4270331963950067,0.6323792176025743
2.4356289139638805,0.639249289374099
2.4441835909727065,0.6461619926336223
2.4526967417879906,0.6531170328071706
2.461167860011731,0.6601140952217286
2.469596420366127,0.6671528483706965
2.4779818806395957,0.674232947239815
2.4863236836426004,0.6813540366474083
2.4946212591258776,0.688515754557928
2.5028740256298767,0.6957177353360401
2.5110813922379887,0.7029596129133251
2.5192427602178857,0.710241023846119
2.5273575245453594,0.7175616102486408
2.5354250753078773,0.7249210225884255
2.5434447989981637,0.7323189223362964
2.551416079707412,0.7397549844636923
2.5593383002338443,0.7472288997821023
2.567210843126122,0.7547403771201376
2.575033091677062,0.7622891453318407
2.5828044308896145,0.769874955130711
2.590524248429209,0.7774975807405675
2.5981919355781007,0.7851568213537418
2.6058068882032437,0.7928525023851706
2.6133685077440267,0.8005844765090102
2.620876202227027,0.8083526244648456
2.6283293873061857,0.8161568556188673
2.6357274873270735,0.8239971082670335
2.643069936410065,0.8318733496685892
2.6503561795431687,0.8397855758002306
2.657585673678128,0.8477338108261925
2.664757888817419,0.8557181062823216
2.671872309082822,0.8637385399784191
2.67892843375719,0.8717952146291095
2.685925778287478,0.8798882562281665
2.692863875247745,0.8880178121905398
2.699742275253079,0.8961840492894124
2.7065605478240164,0.904387151423603
2.71331828220347,0.9126273172559161
2.7200150881237777,0.9209047577652127
2.7266505965346175,0.9292196937619072
2.7332244602929796,0.9375723534147746
2.739736354824168,0.9459629698396452
2.746185978763207,0.954391778799417
2.7525730545790776,0.9628590165597846
2.7588973291944567,0.9713649179446382
2.7651585746008234,0.9799097146254008
2.7713565884731444,0.9884936336737753
2.7774911947856866,0.9971168963991749
2.7835622444202297,1.005779717480469
2.7895696157659455,1.0144823043960505
2.7955132152949216,1.0232248571421128
2.801392978100515,1.0320075682214622
2.80720886838225,1.040830622875666
2.81296087985087,1.0496941995218372
2.818649036035938,1.0585984703517415
2.824273390465128,1.0675436020400058
2.8298340266896913,1.0765297565056327
2.8353310581306093,1.0855570916676416
2.8407646277131846,1.094625762131338
2.846134907271201,1.1037359197463483
2.85144209669308,1.112887713975527
2.8566864227902653,1.1220812920193954
2.861868137877539,1.1313167986484904
2.866987518046092,1.1405943756978316
2.872044861132669,1.149914161192823
2.87704048438027,1.159276288080111
2.881974721797255,1.1686808825492823
2.8868479212331737,1.1781280619442116
2.891660441182088,1.1876179322683653
2.896412647347205,1.1971505853061593
2.901104908992347,1.2067260953873342
2.905737595116096,1.2163445158332455
2.9103110704939903,1.2260058751349554
2.9148256916237827,1.2357101729150155
2.91928180262874,1.2454573757383454
2.92367973116176,1.2552474128367734
2.9280197843592255,1.2650801718174394
2.9323022448985148,1.2749554944293957
2.936527367198267,1.2848731724570457
2.9406953738156165,1.2948329438154074
2.944806452078112,1.30483448891347
2.9488607509896494,1.3148774273503452
2.9528583784510642,1.3249613150061892
2.956799398817286,1.335085641577599
2.960683830825436,1.345249828607996
2.964511645908778,1.3554532280497853
2.9682827669115213,1.3656951213893542
2.9719970672184597,1.3759747193598781
2.9756543702966374,1.3862911622531886
2.9792544496530433,1.3966435208391221
2.9827970291999977,1.407030797889139
2.986281784015277,1.4174519302930393
2.989708341486926,1.427905791753501
2.9930762828168014,1.4383911960302256
2.9963851448656174,1.448906900704803
2.9996344223121225,1.4594516114278446
3.002823570096603,1.470023986604609
3.005952006124476,1.480622642474168
3.0090191141919638,1.4912461585271006
3.0120242471073864,1.5018930832092883
3.014966729973594,1.5125619398529733
3.0178458635971515,1.5232512327740875
3.0206609279975996,1.5339594534770409
3.0234111859783717,1.5446850869011124
3.026095886734437,1.5554266176484455
3.028714269465479,1.5661825361303423
3.0312655669649087,1.5769513445693764
3.0337490091642865,1.5877315628002204
3.036163826601916,1.598521733807821
3.0385092537990683,1.6093204289506031
3.040784532521704,1.6201262528158618
3.042988914907809,1.6309378476581964
3.045121666450122,1.6417538973802643
3.0471820688137683,1.6525731310132907
3.0491694224830144,1.6633943256668444
3.051083049226026,1.6742163089191637
3.0529222943684857,1.6850379606254475
3.054686528877281,1.6958582141324317
3.0563751512431363,1.70667605688699
3.057987589167775,1.7174905304411023
3.059523301053485,1.7283007298579798
3.060981777295485,1.7391058025315926
3.0623625413862623,1.7499049464430756
3.0636651508296837,1.7606974078775068
3.0648891978757513,1.7714824786378296
3.066034310082801,1.782259492796459
3.0671001507091855,1.7930278230277084
3.0680864189514367,1.803786876577972
3.068992850028149,1.8145360909248995
3.069819215123561,1.8252749291892036
3.070565321199152,1.8360028753629427
3.071231010675872,1.8467194294171363
3.0718161610038477,1.8574241023618994
3.0723206841177637,1.8681164113221198
3.0727445257901405,1.878795874700153
3.0730876648885213,1.8894620074925972
3.073350112536283,1.9001143168226557
3.0735319111906643,1.9107522977556535
3.0736331336326694,1.9213754294502219
3.073653881877399,1.9319831717021465
3.0735942860071988,1.9425749619291268
3.0734545029236973,1.9531502126351374
3.073234715029213,1.9637083093957974
3.072935128829155,1.97424860938768
3.0725559734617045,1.9847704404862383
3.072097499155279,1.9952731009459845
3.0715599756088494,2.005755859664971
3.070943690305116,2.0162179570373313
3.0702489467486487,2.026658606377892
3.0694760626365065,2.0370769959047723
3.0686253679637536,2.0474722912547914
3.067697203062476,2.057843638496332
3.066691916585752,2.0681901676054615
3.0656098634365314,2.0785109963569295
3.0644514026501852,2.088805234581095
3.0632168952406396,2.0990719887333436
3.0619067020138733,2.10931036671326
3.0605211813661715,2.119519482876445
3.0590606870734143,2.1296984631707088
3.0575255660862273,2.1398464503322523
3.055916156347031,2.149962609076746
3.0542327846383355,2.160046131215202
3.052475764485158,2.1700962406344795
3.0506453941224514,2.1801121980752667
3.0487419545465215,2.190093305648464
3.0467657076696644,2.2000389110342793
3.044716894589819,2.2099484113070864
3.0425957339994643,2.219821256342867
3.0404024207450275,2.2296569517622165
3.0381371245550106,2.2394550613731448
3.035799988954241,2.2492152090839777
3.0333911303730243,2.258937080257644
3.030910637471253,2.268620422494371
3.0283585706835603,2.2782650458274745
3.025734961997326,2.2878708223291397
3.0230398149737026,2.2974376851299754
3.0202731050120697,2.306965626857003
3.0174347798689545,2.316454697510656
3.01452476042754,2.325905001797992
3.0115429417191617,2.3353166959508003
3.0084891941958007,2.3446899840626867
3.0053633652426885,2.3540251139783277
3.0021652809302886,2.363322372782141
2.9988947479899783,2.3725820819278014
2.995551556003101,2.381804592059055
2.9921354797906767,2.3909902775750878
2.988646281981632,2.400139530989703
2.98508371574774,2.4092527571448343
2.98144752767998,2.418330367330512
2.977737460784212,2.4273727733671784
2.973953257578054,2.436380381710437
2.970094663255396,2.4453535876256267
2.966161428901799,2.454292769492551
2.962153314728922,2.4631982832869417
2.95807009330119,2.4720704572871623
2.953911552732979,2.480909587056109
2.94967749982047,2.4897159307331287
2.9453677630902586,2.4984897046817363
2.9409821957330813,2.507231079523111
2.93652067839725,2.515940176585553
2.9319831218227845,2.524617064800313
2.9273694692841885,2.53326175805761
2.9226796988289854,2.541874213047037
2.917913825286483,2.5504543275898577
2.9130719020284674,2.5590019394706753
2.9081540224707934,2.567516825776086
2.9031603212928987,2.575998702731349
2.898090975371833,2.584447226037019
2.892946204415747,2.592861991691216
2.8877262712894716,2.6012425372840573
2.8824314820324526,2.6095883437518936
2.877062185557995,2.6178988375632732
2.8716187730423908,2.626173393321037
2.8661016770012555,2.6344113367497046
2.8605113700581475,2.6426119480397308
2.854848363417571,2.650774465522135
2.849113205045758,2.658898089635045
2.8433064775767214,2.6669819871528766
2.837428795956442,2.6750252956410967
2.831480804840143,2.6830271280984235
2.825463175766906,2.6909865777542143
2.819376604126208,2.698902722977178
2.813221805944542,2.7067746322622654
2.8069995145151223,2.714601369255897
2.8007104768952003,2.7223819977796695
2.794355450304143,2.730115586819818
2.787935198444793,2.7378012154387696
2.781450487783526,2.745437977577203
2.7749020838180884,2.7530249867089416
2.768290747362908,2.760561380312127
2.761617230888726,2.7680463241280533
2.754882274941857,2.7754790161691467
2.748086604679441,2.782858690450478
2.7412309265495702,2.7901846204142764
2.7343159251440836,2.7974561220188456
2.7273422602572497,2.80467255647255
2.7203105641705547,2.81183333258441
2.713221439192999,2.8189379087172677
2.7060754554771957,2.8259857943253683
2.6988731491287985,2.8329765510615577
2.6916150206306826,2.8399097934495456
2.684301533588727,2.846785189108756
2.676933113813952,2.8536024585346693
2.6695101487453936,2.8603613744345275
2.662032987214486,2.8670617606222475
2.654501939554648,2.873703490487551
2.6469172780449526,2.8802864850466823
2.6392792376841965,2.8868107105978473
2.6315880172815684,2.893276176001504
2.623843780846789,2.89968292960936
2.6160466592660923,2.906031055876695
2.6081967522368625,2.912320671684167
2.6002941304414824,2.9185519224094048
2.592338837934837,2.9247249777868953
2.5843308947134562,2.930840027591433
2.57627029944565,2.936897277196172
2.568157032325672,2.9428969430402043
2.5599910580271876,2.9488392480553323
2.551772328726681,2.9547244170965827
2.5435007871633406,2.9605526724153695
2.5351763697151584,2.9663242292273977
2.526799009457042,2.9720392914085494
2.518368639180525,2.9776980473641492
2.509885194351806,2.983300666109411
2.5013486159822835,2.988847293590582
2.4927588533999776,2.994338049287455
2.4841158668974104,2.9997730231167274
2.4754196302458293,3.0051522726661926
2.4666701330633733,3.0104758207804165
2.457867383022191,3.015743653508986
2.449011407893768,3.020955718438609
2.4401022574185705,3.0261119234082794
2.431140004999981,3.0312121356170034
2.4221247492193694,3.0362561811239477
2.4130566151663113,3.041243844731545
2.403935755590763,3.046174870252784
2.39476235187072,3.0510489611423326
2.3855366148014827,3.0558657814824484
2.376258785208962,3.060624957306036
2.3669291343867096,3.065326078231652
2.3575479643661694,3.0699686993947966
2.34811560802074,3.0745523436451583
2.338632429010988,3.0790765039854158
2.329098821578457,3.0835406462249653
2.3195152101927334,3.087944211815975
2.309882049062841,3.092286620845461
2.300199821520583,3.0965672751506803
2.2904690392868083,3.10078556152785
2.2806902416321115,3.1049408550032975
2.2708639944447624,3.1090325221365367
2.2609908892198938,3.11305992432516
2.251071541985196,3.1170224210822672
2.241106592179529,3.1209193732578715
2.231096701501858,3.124750146177054
2.2210425527488455,3.1285141126687215
2.210944848660078,3.1322106559603977
2.200804310790349,3.135839172416155
2.190621678428464,3.1393990740964766
2.180397707581853,3.14288979112088
2.1701331700456628,3.1463107738161797
2.1598288525739138,3.149661494635459
2.149485556168995,3.152941449835164
2.1391040955038108,3.156150160900113
2.128685298488756,3.159287175708718
2.118230005992978,3.1623520694332465
2.107739071726563,3.1653444451725212
2.0972133622868325,3.168263934317035
2.0866537573687096,3.1711101966490363
2.0760611501351964,3.173882920182625
2.0654364477405123,3.176581820751405
2.054780571994473,3.1792066413535065
2.044094460153235,3.1817571512660656
2.0333790658178064,3.184233144943301
2.0226353599185978,3.1866344407141414
2.0118643317612595,3.188960879297121
2.001066990106501,3.191212322151607
1.9902443642544578,3.1933886496856676
1.9793975051025905,3.1954897593417844
1.9685274861450055,3.1975155635823347
1.9576354043806306,3.1994659877970832
1.9467223810977976,3.201340968155062
1.9357895625034682,3.2031404494231253
1.9248381201667044,3.2048643827729197
1.9138692512477766,3.206512723597484
1.9028841784868102,3.208085429357709
1.891884149928709,3.2095824574778016
1.880870438364472,3.2110037633077075
1.8698443404727287,3.2123492981688164
1.8588071756493738,3.2136190074979587
1.847760284517447,3.2148128291028337
1.8367050271138847,3.2159306915403856
1.8256427807542752,3.216972512627895
1.8145749375813973,3.2179381980947235
1.803502901807756,3.218827640380977
1.7924280866668751,3.2196407175876076
1.7813519110922358,3.2203772925808662
1.7702757961468372,3.2210372122525044
1.7592011612301126,3.221620306935665
1.7481294200922601,3.222126389975121
1.7370619766892157,3.2225552574493346
1.726000220914063,3.2229066880407995
1.7149455242429592,3.2231804430501696
1.7038992353354507,3.2233762665490326
1.6928626756303804,3.2234938856654356
1.6818371349795047,3.223533010995887
1.670823867361328,3.223493337137157
1.6598240867176361,3.223374543330907
1.6488389629547022,3.2231762942141433
1.6378696181501669,3.2228982406682545
1.6269171230052084,3.2225400207596073
1.615982493579808,3.222101260764574
1.6050666883466391,3.221581576272122
1.5941706055965459,3.2209805733571844
1.5832950812255524,3.2202978498182535
1.572440886930056,3.2195329964728323
1.5616087288332379,3.218685598504584
1.5507992465618254,3.2177552368562248
1.5400130127882459,3.216741489662379
1.529250533248844,3.2156439337167795
1.5185122472444625,3.214462145968372
1.5077985286250262,3.213195705040925
1.497109687255192,3.2118441927708785
1.4864459709534779,3.2104071957581857
1.475807567892692,3.208884306924901
1.4651946094449442,3.2072751270762243
1.4546071734502206,3.2055792664586966
1.4440452878832437,3.2037963463100336
1.4335089348894445,3.201926000395091
1.4229980551572083,3.1999678765221375
1.4125125525901994,3.1979216380335354
1.402052299240578,3.195786965264629
1.3916171404613666,3.1935635569644854
1.3812069002340048,3.1912511316717858
1.3708213866254193,3.188849429038984
1.3604603973276586,3.1863582110975512
1.3501237252323062,3.183777263456868
1.3398111639915657,3.181106396429122
1.3295225135180184,3.1783454460722584
1.3192575853756117,3.1754942751429422
1.3090162080155172,3.172552773951285
1.2987982318119153,3.169520861108978
1.2886035338546153,3.1663984841624986
1.2784320224577268,3.1631856201030333
1.2682836413461438,3.159882275744944
1.2581583734845776,3.156488487964806
1.248056244517092,3.1530043237933905
1.2379773257886029,3.1494298803534786
1.2279217369235302,3.1457652846369184
1.2178896479407144,3.1420106931151737
1.2078812808878632,3.138166291178462
1.1978969109829858,3.134232292399669
1.1879368672546884,3.1302089376204476
1.1780015326775928,3.126096493858344
1.168091343803683,3.121895253035266
1.1582067898949033,3.1176055305294845
1.1483484115667986,3.1132276635550613
1.1385167989575624,3.108762009374783
1.1287125894411956,3.104208943354691
1.118936464907894,3.0995688568706745
1.1091891486389553,3.0948421550798058
1.0994714018075569,3.0900292545716184
1.0897840196406898,3.085130580916849
1.0801278272810917,3.080146566133638
1.0705036753915316,3.075077646093489
1.0609124355468067,3.0699242578916253
1.0513549954615986,3.064686837208479
1.041832254104741,3.0593658156909953
1.0323451167523727,3.053961618384242
1.0228944900339734,3.048474661245195
1.013481277026289,3.0429053487717797
1.004106372450579,3.037254071781005
0.9947706580285693,3.031521205370421
0.9854749980517471,3.025707107097018
0.9762202352173338,3.0198121154072
0.9670071867822929,3.013836548350329
0.9578366410841179,3.007780702606772
0.9487093544738667,3.001644852859221
0.9396260487029793,2.9954292515332774
0.9305874088008973,2.9891341289301154
0.9215940814753005,2.9827596937700327
0.9126466740611032,2.976306134161529
0.9037457540380915,2.969773619005463
0.8948918491304014,2.9631622998386873
0.8860854479939793,2.956472313115725
0.8773270014907892,2.94970378292106
0.8686169245409676,2.942856824098203
0.8599555985364357,2.935931545775318
0.8513433742918015,2.9289280552605637
0.8427805755008431,2.9218464622737765
0.8342675026595154,2.9146868834747712
0.8258044374094387,2.9074494472423797
0.8173916472493585,2.900134298652615
0.8090293905560849,2.8927416045990197
0.8007179218512573,2.885271558993708
0.7924574972458075,2.8777243879835046
0.7842483799904547,2.8701003551125592
0.7760908460580271,2.862399766360475
0.7679851896818122,2.854622974983715
0.7599317287737074,2.846770386087819
0.7519308101465607,2.8388424608587046
0.7439828144668618,2.830839720383227
0.7360881608667741,2.8227627489921754
0.7282473111484286,2.814612197062837
0.7204607735183544,2.806388783223386
0.7127291057957691,2.798093295907301
0.7050529180451793,2.789726594212936
0.6974328745912293,2.7812896080309706
0.6898696953817604,2.7727833374108464
0.6823641566736507,2.7642088511460163
0.6749170910248072,2.7555672845670935
0.667529386584855,2.7468598365417263
0.6602019856859753,2.738087765688725
0.6529358827444834,2.7292523858246818
0.6457321214922793,2.7203550606695366
0.638591791565617,2.711397197847131
0.6315160244863455,2.702380242225061
0.6245059890778581,2.6933056686462047
0.6175628863642599,2.6841749741115497
0.6106879440067929,2.674989669480623
0.6038824103361548,2.665751270761608
0.5971475480430248,2.6564612900683082
0.5904846275918902,2.647121226325326
0.5838949204251003,2.637732555806285
0.5773796920250187,2.6282967225924696
0.5709401949022277,2.6188151290411708
0.5645776615770357,2.6092891263541143
0.5582932976200925,2.5997200053367147
0.5520882748158429,2.5901089874387533
0.5459637245098832,2.5804572161660384
0.53992073119816,2.5707657489512976
0.5339603264124326,2.5610355495703345
0.528083482952548,2.5512674811869243
0.5222911095120617,2.5414623001066996
0.5165840457394174,2.531620650316349
0.5109630577725945,2.5217430588801246
0.5054288342806806,2.5118299322603597
0.4999819830413378,2.501881553622894
0.4946230280787042,2.4918980811815743
0.48935240738173374,2.4818795476285502
0.4841704712185547,2.4718258606885364
0.4790774810579077,2.461736804825984
0.47407360910426943,2.4516120441236873
0.4691589384487535,2.4414511263402368
0.46433346383334617,2.4312534881413526
0.45959709302145973,2.4210184614873373
0.4549496487632043,2.4107452811449575
0.4503908713391015,2.4004330932777957
0.4459204216613396,2.390080965054291
0.44153788490700985,2.3796878951978107
0.4372427746531593,2.3692528253880845
0.4330345374789887,2.358774652409029
0.4289125579961651,2.3482522409239337
0.4248761642640889,2.3376844367464784
0.42092463354309034,2.3270700804644595
0.41705719833507193,2.316408021263518
0.41327305265808395,2.305697130790588
0.4095713584988291,2.294936316891472
0.4059512523852206,2.2841245370543537
0.40241185201989504,2.273260811391287
0.3989522629151195,2.2623442349928085
0.3955715849698231,2.251373989497148
0.3922689189305704,2.240349353724745
0.38904337268021133,2.229269713241104
0.38589406730061865,2.2181345687260867
0.3828201428593878,2.2069435430453814
0.3798207638745346,2.1956963869397947
0.37689512441601647,2.184392983269696
0.3740424528082634,2.1730333497750083
0.371262015903667,2.16161764033505
0.3685531229031132,2.1501461447367505
0.3659151287059367,2.138619286983686
0.363347436778063,2.1270376222014096
0.3608495015334257,2.1154018322163024
0.3584208302298687,2.1037127199049483
0.35606098438656353,2.0919712024283315
0.3537695807353579,2.0801783034799017
0.3515462917233433,2.068335144688086
0.3493908455882039,2.056442936322041
0.3473030260314913,2.044502967454465
0.34528267151789027,2.0325165957366735
0.34332967423067806,2.0204852369394524
0.34144397871503984,2.008410354408296
0.3396255802416111,1.9962934485740587
0.3378745229226836,1.9841360466499849
0.3361908976129462,1.9719396926341384
0.3345748396255312,1.9597059377228825
0.33302652629256546,1.9474363312266512
0.3315461743974879,1.9351324120646674
0.33013403750418546,1.9227957009005818
0.32879040320559894,1.9104276929671102
0.3275155903119835,1.898029851614817
0.326309945996558,1.8856036026086542
0.32517384291390683,1.8731503291860534
0.3241076763043314,1.8606713678822224
0.32311186109541307,1.8481680051222802
0.32218682901041473,1.8356414745753886
0.3213330256918591,1.8230929552635895
0.3205509078477019,1.8105235704167428
0.31984094042697164,1.7979343870650613
0.3192035938315973,1.7853264163613898
0.31863934117134607,1.7727006146265203
0.3181486555693501,1.7600578851117479
0.31773200752656183,1.7473990804733393
0.3173898623545789,1.734725005952958
0.3171226776876168,1.7220364232563288
0.3169309010858532,1.7093340551187899
0.31681496774391826,1.6966185905412434
0.3167752983198263,1.6838906906726678
0.3168122969011343,1.6711509953063732
0.31692634912642437,1.6584001299463411
0.31711782048132275,1.645638713387671
0.31738705478909535,1.6328673657418595
0.31773437291633144,1.620086716823546
0.31816007171427974,1.6072974148013195
0.31866442321600513,1.5945001350016028
0.3192476741086178,1.58169558874221
0.3199100454983568,1.5688845320615599
0.32065173298430577,1.556067774201304
0.3214729070539062,1.5432461856947959
0.3223737138102821,1.5304207059119306
0.3233542760376864,1.5175923499126789
0.3244146946071593,1.5047622144673964
0.3255550502198442,1.4919314831116819
0.32677540548035744,1.47910143011722
0.32807580728728036,1.4662734232772983
0.3294562895223303,1.4534489254261371
0.3309168760141542,1.4406294946344262
0.33245758374714834,1.4278167830486135
0.33407842628033,1.415012534367928
0.3357794173362071,1.4022185799800875
0.33756057451497995,1.3894368338030447
0.33942192308533214,1.376669285905423
0.3413634997997105,1.3639179950014306
0.3433853566793929,1.3511850799364549
0.34548756471296244,1.338472710296571
0.34767021741103377,1.3257830962883106
0.34993343416032485,1.3131184780440979
0.35227736332142334,1.3004811145133215
0.3547021850168553,1.2878732720994486
0.3572081135592972,1.2752972131998117
0.35979539947394057,1.2627551847972074
0.3624643310740008,1.2502494072417747
0.3652152355541105,1.2377820633482253
0.36804847957268455,1.225355287918246
0.37096446930119387,1.212971157781435
0.3739636499254966,1.2006316824311818
0.3770465045917646,1.188338795315384
0.3802135527970502,1.1760943458261406
0.3834653482319298,1.1639000920185236
0.38680247608990603,1.1517576940762666
0.3902255498651409,1.1396687085324815
0.393735207666615,1.127634583245948
0.397332108082811,1.1156566531286558
0.4010169256364731,1.1037361366175933
0.40479034587382556,1.0918741328831698
0.40865306013680874,1.0800716197677722
0.4126057600704052,1.0683294524502236
0.4166491319199229,1.0566483628348913
0.4207838506752237,1.0450289596673694
0.4250105741203161,1.0334717293813998
0.4293299368474473,1.0219770376837183
0.43374254429493403,1.0105451318841825
0.4382489668673735,0.9991761439777721
0.44284973419569473,0.9878700944824939
0.4475453295927181,0.976626897032887
0.45233618475752896,0.9654463637227696
0.4572226747791195,0.9543282111831587
0.4622051134864061,0.9432720673723101
0.4672837491879811,0.9322774790448496
0.47245876084089466,0.9213439198563753
0.47773025468337976,0.9104707990492006
0.48309826136196576,0.8996574706544451
0.4885627335788057,0.8889032431359017
0.4941235442804961,0.87820738939238
0.4997804854052641,0.8675691570278128
0.5055332672011621,0.8569877787925932
0.5113815181241057,0.84646248309543
0.5173247853210743,0.8359925044825799
0.5233625357008427,0.8255770939805921
0.5294941575920975,0.8152155291995409
0.535718962986773,0.8049071240960135
0.5420361903649511,0.794651238298619
0.5484450080965062,0.7844472859033209
0.5549445184138463,0.7742947436512447
0.561533761949427,0.7641931584075513
0.5682117228309453,0.754142153866489
0.5749773343261896,0.744141436414538
0.5818294850279921,0.7341908000908676
0.5887670255675452,0.7242901305919666
0.5957887758410632,0.7144394082755188
0.6028935327302369,0.7046387101274995
0.6100800782908774,0.694888210666217
0.6173471883763547,0.6851881817678876
0.6246936416527519,0.6755389914105075
0.6321182289510741,0.6659411013464008
0.6396197628882434,0.6563950637290744
0.6471970876733407,0.646901516736881
0.654849088998604,0.6374611792543552
0.6625747038967453,0.6280748446918832
0.6703729304275742,0.6187433740449946
0.678242837038489,0.609467688315757
0.6861835714260328,0.6002487604395809
0.6941943687103016,0.5910876068805321
0.7022745587216879,0.5819852790759853
0.7104235721914144,0.5729428549260223
0.718640945634581,0.5639614305334171
0.7269263247183056,0.5550421124051174
0.7352794659187414,0.546186010324948
0.7437002362902044,0.5373942310989196
0.7521886111976762,0.5286678733584542
0.7607446699007618,0.520008023582667
0.7693685889223871,0.5114157534687198
0.7780606331882497,0.5028921187396002
0.7868211449821474,0.4944381594324151
0.7956505308257413,0.48605490165887194
0.8045492464570145,0.47774336077476265
0.8135177801468444,0.4695045458392603
0.8225566346547633,0.4613394651901261
0.8316663081800824,0.4532491329101547
0.840847274709821,0.4452345759161585
0.85009996419755,0.437296841366979
0.859424743024572,0.4294370040638691
0.8688218951949322,0.42165617350690254
0.8782916046972934,0.4139555002761796
0.8878339394292284,0.40633618142712247
0.8974488370238229,0.39879946462476096
0.9071360928460702,0.39134665079167197
0.9168953503402976,0.38397909510612477
0.9267260938134912,0.3766982062582977
0.9366276436373838,0.3695054439498489
0.9465991537499999,0.3624023147015917
0.9566396112405277,0.3553903661114222
0.9667478377157663,0.34847117977556297
0.9769224920776429,0.3416463631464926
0.9871620742941131,0.33491754064691526
0.9974649297244539,0.32828634438767834
1.0078292535670548,0.32175440484660167
1.0182530950344135,0.3153233418536173
1.0287343609256905,0.30899475619561684
1.0392708183589032,0.30277022210338034
1.0498600965386047,0.2966512808155642
1.0604996875637211,0.29063943533482317
1.0711869464168617,0.2847361464035101
1.0819190904112577,0.2789428296365519
1.0926931984950885,0.2732608536630683
1.1035062109156877,0.26769153905189125
1.1143549298187365,0.26223615773515213
1.1252360213928017,0.25689593260316745
1.1361460201619473,0.25167203692674683
1.1470813359759229,0.246565593271809
1.1580382641494678,0.24157767160622456
1.1690129990631846,0.23670928635851268
1.1800016513657945,0.23196139226897022
1.1910002687216008,0.22733487897070256
1.2020048598401132,0.22283056434422366
1.2130114213211631,0.21844918679704234
1.2240159666623371,0.21419139672086165
1.2350145566194148,0.21005774746582198
1.2460033299954967,0.20604868623662004
1.2569785338680441,0.20216454535400183
1.267936552248935,0.19840553433370406
1.278873932209845,0.19477173321261343
1.289787406589351,0.19126308750041787
1.300673912520944,0.1878794050585555
1.311530605172814,0.1846203551130655
1.322354866260358,0.18148546950171124
1.3331443070717137,0.17847414614688623
1.3438967659286334,0.17558565464249817
1.354610300187243,0.17281914375244234
1.365283173066871,0.1701736505458863
1.3759138357856084,0.1676481108435881
1.3865009056859896,0.1652413706207773
1.3970431412605064,0.16295219800430585
1.4075394152392215,0.16077929551166562
1.4179886871787635,0.15872131220279465
1.4283899772829907,0.15677685544774303
1.4387423434685112,0.15494450205022542
1.4490448639296911,0.15322280850588135
1.4592966276131656,0.15161032021338558
1.4694967350294248,0.15010557949648642
1.4796443116544906,0.14870713233697588
1.4897385357586244,0.14741353376425548
1.4997786818047794,0.1462233518979313
1.5097641795718661,0.14513517069574916
1.5196946878905446,0.14414759151809314
1.5295701803803967,0.14325923367778592
1.5393910389330818,0.14246873419337341
1.5491581490189066,0.1417747469974536
1.5588729893585866,0.14117594186088214
1.5685377072745141,0.14067100327248008
1.5781551703017977,0.14025862945934586
1.5877289845762008,0.13993753164699235
1.597263471272961,0.13970643354910078
1.60676359404791,0.13956407095680456
1.6162348330608307,0.13950919118427063
1.625683004681396,0.13954055203933777
1.6351140302265927,0.1396569199411936
1.6445336617769102,0.13985706681116833
1.6539471778745465,0.14013976541712894
1.6633590662282856,0.14050378294329477
1.672772713873441,0.14094787265894038
1.6821901269791457,0.1414707636340109
1.6916117021277528,0.14207114845496568
1.7010360680232843,0.1427476687926751
1.7104600110744492,0.14349889844527
1.7198784903495379,0.14432332313225188
1.7292847376575446,0.14521931590430623
1.7386704280909477,0.14618510665903944
1.7480258968347258,0.14721874406905186
1.7573403712819886,0.14831804842529972
1.7666021854436387,0.14948055467458277
1.7757989479427603,0.1507034464491951
1.784917646435403,0.15198348422029162
1.7939446897582134,0.1533169337678998
1.8028659124985538,0.15469950464712312
1.8116665912224525,0.15612631168748825
1.8203315418299248,0.1575918749922632
1.8288453769586415,0.15909017443521506
1.837192994663934,0.16061477228425905
1.8453603401010696,0.16215901150648854
1.8533354294411442,0.16371628717968928
1.8611095536610245,0.16528037463897804
1.8686784990337835,0.16684578185518797
1.8760435466411756,0.1684080774144877
1.8832119643255631,0.16996413254450635
1.8901967007467302,0.1715122095633557
1.8970150478085535,0.1730518333958752
1.9036861608253886,0.17458339998130373
1.9102275091694838,0.17610750650210064
1.9166505545494492,0.17762403249363967
1.9229561901768077,0.1791310553367301
1.929130688111501,0.18062374437315595
1.9351430616952758,0.18209344007734468
1.9409448259142035,0.183527182205117
1.946473096863024,0.18490799317374573
1.9516577518717748,0.18621622784418299
1.9564328445645773,0.1874322189962316
1.960751339057813,0.18854017092273986
1.9645997343201318,0.18953253239347304
1.9680029434596458,0.19041224788681532
1.9709916432729429,0.19118521810851244
1.9734441950393922,0.19181947685996611
