-1.3155322841584731,-0.6357326151853405
-1.3135273029599186,-0.6343659626532201
-1.3114799530964587,-0.6331133941246779
-1.3093923191073529,-0.6319719461636033
-1.3072663823073163,-0.6309387083729452
-1.3051040259246318,-0.6300108225727302
-1.3029070399980913,-0.6291854819923666
-1.3006771260430199,-0.628459930476952
-1.2984159014962895,-0.6278314617073593
-1.2961249039498952,-0.6272974184338553
-1.2938055951821206,-0.6268551917229921
-1.2914593649952075,-0.6265022202175512
-1.2890875348678714,-0.62623598940929
-1.2866913614307993,-0.626054030924247
-1.2842720397729208,-0.6259539218203872
-1.2818307065858676,-0.6259332838973246
-1.2793684431538717,-0.6259897830179183
-1.2768862781959183,-0.6261211284415015
-1.2743851905667918,-0.6263250721685039
-1.2718661118233607,-0.6265994082962688
-1.2693299286621307,-0.6269419723858041
-1.2667774852339895,-0.6273506408392917
-1.2642095853416602,-0.6278233302880987
-1.2616269945252723,-0.6283579969911007
-1.2590304420412044,-0.6289526362431003
-1.2564206227390824,-0.6296052817931095
-1.2537981988417386,-0.6303140052723328
-1.2511638016326125,-0.6310769156316083
-1.2485180330549441,-0.6318921585881254
-1.2458614672269719,-0.6327579160812307
-1.2431946518770323,-0.6336724057370945
-1.2405181097024822,-0.6346338803420927
-1.2378323396560342,-0.6356406273246809
-1.235137818163026,-0.6366909682455965
-1.2324350002730082,-0.6377832582962033
-1.229724320748788,-0.6389158858047898
-1.2270061950960733,-0.6400872717506679
-1.2242810205366237,-0.6412958692858886
-1.221549176927704,-0.6425401632644041
-1.2188110276305666,-0.6438186697785329
-1.216066920330473,-0.645129935702526
-1.2133171878107767,-0.6464725382431299
-1.2105621486833664,-0.6478450844969511
-1.2078021080777297,-0.64924621101449
-1.2050373582907903,-0.6506745833706981
-1.2022681793995136,-0.6521288957418983
-1.1994948398383123,-0.6536078704889483
-1.1967175969430421,-0.6551102577464983
-1.1939366974634233,-0.6566348350182168
-1.1911523780455178,-0.6581804067778322
-1.1883648656859587,-0.6597458040758926
-1.1855743781594168,-0.6613298841521017
-1.1827811244207829,-0.662931530053106
-1.1799853049835076,-0.6645496502556334
-1.1771871122753532,-0.666183178294837
-1.1743867309729175,-0.6678310723977667
-1.1715843383160744,-0.6694923151218373
-1.168780104403512,-0.6711659129981837
-1.1659741924704647,-0.6728508961798273
-1.1631667591496369,-0.6745463180945044
-1.1603579547163827,-0.6762512551021101
-1.157547923319019,-0.677964806156629
-1.154736803195184,-0.6796860924724704
-1.1519247268751132,-0.6814142571951214
-1.149111821372585,-0.6831484650760132
-1.1462982083643536,-0.684887902151542
-1.1434840043587622,-0.6866317754261405
-1.1406693208542307,-0.688379312559325
-1.1378542644882763,-0.6901297615566498
-1.1350389371776515,-0.6918823904644688
-1.13222343625022,-0.693636487068462
-1.129407854569112,-0.6953913585958326
-1.1265922806496507,-0.69714633142111
-1.1237767987696006,-0.6989007507755066
-1.120961489073118,-0.7006539804597236
-1.1181464276689346,-0.7024054025602003
-1.1153316867231184,-0.7041544171686871
-1.1125173345468509,-0.7059004421051328
-1.1097034356795306,-0.7076429126437753
-1.1068900509676192,-0.7093812812424357
-1.1040772376394952,-0.7111150172749164
-1.1012650493766551,-0.7128436067664712
-1.098453536381546,-0.7145665521322995
-1.095642745442269,-0.7162833719189899
-1.0928327199944543,-0.7179936005488953
-1.090023500180506,-0.7196967880673724
-1.0872151229064526,-0.7213924998928423
-1.0844076218966248,-0.7230803165696442
-1.0816010277463062,-0.7247598335236007
-1.0787953679726032,-0.726430660820297
-1.0759906670636468,-0.7280924229260051
-1.0731869465263153,-0.7297447584712164
-1.070384224932618,-0.7313873200167632
-1.067582517964842,-0.7330197738224469
-1.064781838459649,-0.7346417996181936
-1.06198219645118,-0.7362530903776567
-1.0591835992133092,-0.737853352094247
-1.0563860513011374,-0.7394423035595675
-1.0535895545917997,-0.7410196761441871
-1.050794108324692,-0.7425852135807619
-1.0479997091411895,-0.7441386717494368
-1.0452063511239167,-0.7456798184655186
-1.042414025835646,-0.7472084332693886
-1.0396227223578565,-0.7487243072185945
-1.0368324273290446,-0.7502272426821476
-1.0340431249828061,-0.7517170531369447
-1.0312547971857322,-0.7531935629663151
-1.028467423475186,-0.7546566072606684
-1.025680981096939,-0.7561060316201805
-1.0228954450427603,-0.7575416919595449
-1.020110788087942,-0.7589634543147207
-1.0173269808288021,-0.7603711946516701
-1.014543991720179,-0.7617647986770676
-1.0117617871129283,-0.7631441616509218
-1.0089803312914563,-0.7645091882011407
-1.0061995865112783,-0.765859792139968
-1.0034195130366277,-0.767195896282291
-1.0006400691781259,-0.7685174322658029
-0.9978612113304828,-0.769824340372963
-0.995082894010291,-0.7711165693547823
-0.9923050698938627,-0.7723940762563763
-0.9895276898551375,-0.7736568262442686
-0.9867507030036639,-0.774904792435453
-0.9839740567226148,-0.7761379557281393
-0.9811976967068875,-0.777356304634222
-0.9784215670012468,-0.7785598351134115
-0.9756456100385138,-0.7797485504090209
-0.9728697666778138,-0.7809224608854053
-0.9700939762428328,-0.7820815838669889
-0.9673181765601259,-0.7832259434789186
-0.9645423039974454,-0.78435557048929
-0.9617662935020678,-0.785470502152925
-0.9589900786391565,-0.7865707820567243
-0.9562135916300739,-0.7876564599665028
-0.9534367633907272,-0.7887275916753776
-0.9506595235698664,-0.7897842388536261
-0.9478818005873567,-0.790826468900029
-0.9451035216724257,-0.7918543547946821
-0.9423246129018266,-0.7928679749532309
-0.9395449992379726,-0.7938674130825601
-0.9367646045669978,-0.7948527580378842
-0.9339833517367196,-0.795824103681239
-0.9312011625945487,-0.7967815487413697
-0.9284179580252649,-0.7977251966749709
-0.9256336579887077,-0.7986551555292986
-0.9228481815573558,-0.799571537806124
-0.9200614469537662,-0.8004744603270111
-0.9172733715879058,-0.8013640440999263
-0.9144838720943124,-0.8022404141871334
-0.9116928643691349,-0.8031036995743982
-0.9089002636069983,-0.8039540330414693
-0.9061059843377163,-0.804791551033827
-0.9033099404628391,-0.8056163935357017
-0.9005120452919921,-0.8064287039443193
-0.89771221157907,-0.8072286289454115
-0.8949103515582087,-0.8080163183899327
-0.8921063769795738,-0.8087919251720086
-0.8893001991449522,-0.809555605108098
-0.8864917289431041,-0.8103075168173358
-0.883680876884935,-0.8110478216030943
-0.8808675531384275,-0.8117766833357116
-0.8780516675633433,-0.8124942683364025
-0.8752331297457216,-0.8132007452623569
-0.8724118490321026,-0.8138962849929631
-0.8695877345635424,-0.8145810605172316
-0.8667606953093748,-0.8152552468223431
-0.8639306401007194,-0.8159190207833514
-0.8610974776637557,-0.8165725610540399
-0.8582611166527155,-0.8172160479588851
-0.8554214656826411,-0.8178496633861846
-0.8525784333618733,-0.818473590682296
-0.8497319283242698,-0.8190880145470022
-0.8468818592611732,-0.8196931209300153
-0.8440281349530854,-0.8202890969285708
-0.8411706643010868,-0.8208761306861719
-0.8383093563579793,-0.82145441129243
-0.8354441203591442,-0.8220241286840203
-0.8325748657531348,-0.8225854735467732
-0.8297015022319676,-0.8231386372188442
-0.826823939761147,-0.8236838115950261
-0.8239420886094038,-0.8242211890321666
-0.8210558593781347,-0.8247509622556906
-0.818165163030572,-0.8252733242672584
-0.8152699109206404,-0.8257884682535163
-0.8123700148215401,-0.8262965874959807
-0.80946538695404,-0.8267978752820532
-0.8065559400144413,-0.8272925248171212
-0.8036415872023014,-0.827780729137837
-0.8007222422478008,-0.8282626810264778
-0.7977978194388532,-0.8287385729264687
-0.7948682336479028,-0.82920859685904
-0.791933400358394,-0.8296729443409945
-0.7889932356909899,-0.8301318063036767
-0.7860476564294294,-0.8305853730130303
-0.7830965800461139,-0.8310338339908534
-0.7801399247273801,-0.831477377937207
-0.7771776093984358,-0.8319161926539574
-0.7742095537480363,-0.832350464969546
-0.7712356782527885,-0.832780380664882
-0.7682559042011823,-0.8332061244004507
-0.7652701537172983,-0.8336278796446149
-0.7622783497841652,-0.8340458286030771
-0.7592804162668559,-0.8344601521495995
-0.7562762779352004,-0.8348710297578875
-0.7532658604862121,-0.8352786394347103
-0.7502490905661884,-0.8356831576542643
-0.7472258957924535,-0.8360847592937255
-0.7441962047748073,-0.8364836175700889
-0.7411599471366179,-0.8368799039782253
-0.7381170535355877,-0.8372737882302039
-0.7350674556841926,-0.8376654381958888
-0.7320110863697576,-0.8380550198447794
-0.7289478794742185,-0.8384426971891635
-0.7258777699935196,-0.8388286322285304
-0.7228006940566759,-0.8392129848952965
-0.7197165889444926,-0.8395959130018336
-0.7166253931079084,-0.8399775721887917
-0.7135270461860115,-0.8403581158747606
-0.7104214890236897,-0.8407376952072511
-0.7073086636889124,-0.8411164590150029
-0.7041885134896724,-0.8414945537616614
-0.7010609829905331,-0.8418721235007642
-0.6979260180288342,-0.8422493098321198
-0.6947835657305153,-0.8426262518595399
-0.6916335745255646,-0.8430030861499359
-0.6884759941631036,-0.8433799466938156
-0.685310775726072,-0.8437569648671369
-0.6821378716455485,-0.8441342693945806
-0.6789572357146832,-0.8445119863142115
-0.6757688231022343,-0.8448902389435414
-0.6725725903657271,-0.845269147847021
-0.6693684954642034,-0.845648830804922
-0.6661564977705855,-0.8460294027836683
-0.6629365580836417,-0.8464109759075814
-0.6597086386395405,-0.8467936594320626
-0.6564727031230131,-0.8471775597182212
-0.6532287166780885,-0.8475627802089231
-0.6499766459184382,-0.8479494214063114
-0.6467164589372948,-0.8483375808507588
-0.6434481253169574,-0.8487273531012823
-0.6401716161378883,-0.8491188297174194
-0.6368869039873644,-0.8495120992425375
-0.6335939629677309,-0.8499072471886336
-0.6302927687042124,-0.8503043560225816
-0.6269832983523038,-0.8507035051538436
-0.6236655306047312,-0.8511047709236554
-0.620339445697965,-0.8515082265956557
-0.6170050254183176,-0.8519139423480032
-0.6136622531075946,-0.8523219852669465
-0.6103111136683035,-0.8527324193418533
-0.6069515935684384,-0.8531453054617214
-0.6035836808457918,-0.853560701413117
-0.6002073651118567,-0.853978661879597
-0.5968226375552609,-0.8543992384425794
-0.5934294909447578,-0.8548224795836487
-0.590027919631789,-0.8552484306883449
-0.5866179195525604,-0.8556771340513413
-0.5831994882297058,-0.8561086288831093
-0.5797726247734795,-0.856542951317986
-0.576337329882503,-0.8569801344236705
-0.5728936058440667,-0.857420208212159
-0.5694414565339615,-0.8578631996520492
-0.5659808874158809,-0.8583091326822926
-0.5625119055403596,-0.8587580282273173
-0.5590345195432549,-0.8592099042135298
-0.5555487396437996,-0.8596647755872284
-0.5520545776421679,-0.8601226543338284
-0.5485520469166303,-0.8605835494984949
-0.545041162420232,-0.8610474672080866
-0.541521940677032,-0.8615144106944378
-0.5379943997779078,-0.8619843803189816
-0.5344585593758869,-0.8624573735986374
-0.5309144406810618,-0.8629333852330319
-0.5273620664550532,-0.8634124071329805
-0.5238014610050239,-0.8638944284502216
-0.5202326501772797,-0.864379435608438
-0.5166556613504033,-0.8648674123354543
-0.5130705234279812,-0.8653583396967032
-0.5094772668308951,-0.8658521961298651
-0.5058759234891692,-0.8663489574806791
-0.5022665268334289,-0.8668485970399581
-0.4986491117858966,-0.8673510855816958
-0.4950237147510078,-0.867856391402339
-0.4913903736055955,-0.8683644803611599
-0.48774912768866013,-0.8688753159216772
-0.48410001779076045,-0.8693888591942146
-0.4804430861429706,-0.8699050689794208
-0.47677837640546544,-0.8704239018128678
-0.4731059336557102,-0.8709453120106375
-0.4694258043762451,-0.8714692517158512
-0.46573803644212375,-0.8719956709462166
-0.46204267910793706,-0.872524517642432
-0.45833978299449213,-0.8730557377175534
-0.4546294000751212,-0.8735892751072143
-0.4509115836616138,-0.874125071820694
-0.44718638838982866,-0.8746630679928543
-0.4434538702049213,-0.875203201936829
-0.43971408634625436,-0.8757454101975292
-0.43596709533197264,-0.8762896276058948
-0.4322129569432264,-0.8768357873338377
-0.42845173220811106,-0.877383820949941
-0.42468348338525397,-0.8779336584757627
-0.4209082739471191,-0.8784852284428226
-0.41712616856300366,-0.8790384579501945
-0.41333723308173076,-0.8795932727226548
-0.4095415345140792,-0.8801495971694318
-0.4057391410149106,-0.8807073544434336
-0.40193012186504073,-0.8812664665010008
-0.3981145474528471,-0.8818268541621176
-0.3942924892556055,-0.882388437171037
-0.3904640198206086,-0.8829511342573545
-0.38662921274601586,-0.8835148631974107
-0.38278814266149,-0.884079540876063
-0.3789408852086086,-0.8846450833487659
-0.37508751702105,-0.8852114059039154
-0.37122811570459335,-0.885778423125478
-0.36736275981690225,-0.8863460489557984
-0.36349152884712854,-0.8869141967586207
-0.3596145031953396,-0.8874827793822616
-0.3557317641517576,-0.8880517092228818
-0.35184339387586044,-0.8886208982878984
-0.3479494753753069,-0.8891902582594049
-0.3440500924847249,-0.8897597005576505
-0.34014532984436974,-0.8903291364045133
-0.33623527287863525,-0.8908984768869143
-0.3323200077744735,-0.8914676330202039
-0.32839962145967827,-0.8920365158114099
-0.324474201581083,-0.8926050363223759
-0.32054383648266405,-0.8931731057327361
-0.3166086151835509,-0.8937406354026766
-0.31266862735597883,-0.894307536935507
-0.3087239633031592,-0.894873722239935
-0.3047747139371014,-0.8954391035920766
-0.3008209707563875,-0.8960035936971456
-0.29686282582389567,-0.8965671057507679
-0.2929003717445129,-0.8971295534999618
-0.28893370164280485,-0.8976908513036547
-0.28496290914068295,-0.8982509141927889
-0.2809880883350672,-0.8988096579299536
-0.27700933377553943,-0.8993669990684864
-0.27302674044202846,-0.8999228550110961
-0.26904040372249455,-0.9004771440678648
-0.2650504193906521,-0.9010297855136977
-0.26105688358373075,-0.901580699645156
-0.257059892780266,-0.9021298078366038
-0.25305954377796197,-0.9026770325957364
-0.24905593367159404,-0.9032222976183573
-0.2450491598309888,-0.9037655278424445
-0.24103931987907992,-0.9043066495014768
-0.23702651167003372,-0.9048455901769288
-0.23301083326748082,-0.9053822788500171
-0.22899238292282906,-0.9059166459525634
-0.22497125905368498,-0.906448623417009
-0.22094756022239095,-0.9069781447255753
-0.21692138511466247,-0.907505144958451
-0.21289283251837032,-0.9080295608411167
-0.2088620013024319,-0.9085513307906624
-0.20482899039584812,-0.9090703949611393
-0.20079389876688478,-0.9095866952879329
-0.19675682540238643,-0.9101001755310597
-0.19271786928726303,-0.9106107813174851
-0.18867712938411718,-0.9111184601823187
-0.18463470461304482,-0.9116231616089508
-0.18059069383160492,-0.9121248370680949
-0.17654519581495243,-0.9126234400556601
-0.17249830923616488,-0.9131189261295417
-0.1684501326467387,-0.9136112529452007
-0.16440076445727814,-0.9141003802900829
-0.16035030291837862,-0.9145862701168659
-0.15629884610169606,-0.9150688865754446
-0.15224649188122436,-0.9155481960437415
-0.1481933379147701,-0.9160241671572482
-0.14413948162563342,-0.916496770837312
-0.14008502018450134,-0.9169659803181811
-0.136030050491546,-0.9174317711727201
-0.1319746691587436,-0.917894121336882
-0.12791897249240675,-0.9183530111328464
-0.12386305647593622,-0.9188084232908418
-0.11980701675279705,-0.9192603429696724
-0.1157509486097108,-0.9197087577758539
-0.11169494696007892,-0.9201536577814684
-0.10763910632762917,-0.92059503554062
-0.1035835208302886,-0.9210328861045465
-0.09952828416428819,-0.9214672070353879
-0.09547348958849025,-0.9218979984185269
-0.09141922990895109,-0.9223252628736126
-0.08736559746371099,-0.922749005564168
-0.08331268410781398,-0.9231692342058053
-0.07926058119855897,-0.9235859590730929
-0.07520937958097813,-0.9239991930049688
-0.07115916957354662,-0.924408951408819
-0.06711004095412007,-0.9248152522631244
-0.06306208294609905,-0.9252181161187183
-0.05901538420482263,-0.9256175660986762
-0.05497003280418302,-0.9260136278967565
-0.050926116223467925,-0.9264063297745081
-0.04688372133442322,-0.9267957025569457
-0.042842934388536896,-0.9271817796268547
-0.03880384100454146,-0.9275645969177235
-0.03476652615613153,-0.9279441929052603
-0.030731074159896166,-0.9283206085975779
-0.026697568663463022,-0.9286938875239852
-0.022666092633850353,-0.9290640757224161
-0.018636728346026036,-0.9294312217255283
-0.014609557371667196,-0.9297953765454151
-0.010584660568121835,-0.930156593657011
-0.0065621180675668215,-0.9305149289801627
-0.0025420092663554846,-0.930870440860352
0.0014755871854404586,-0.9312231900481645
0.005490593394307418,-0.9315732396773915
0.009502932233383398,-0.9319206552419002
0.013512527352372142,-0.9322655045712069
0.017519303187287998,-0.9326078578047695
0.021523184970026133,-0.9329477873650847
0.025524098737770954,-0.9332853679294805
0.029521971342244508,-0.9336206764007474
0.03351673045879518,-0.9339537918765379
0.03750830459534009,-0.9342847956175644
0.04149662310115629,-0.9346137710146714
0.04548161617553242,-0.9349408035546852
0.04946321487628336,-0.9352659807851812
0.053441351128131365,-0.9355893922781133
0.057415957730962704,-0.9359111295923093
0.06138696836795973,-0.9362312862349501
0.065354317613617,-0.9365499576219076
0.0693179409416473,-0.9368672410370988
0.07327777473277837,-0.9371832355907934
0.07723375628245106,-0.9374980421769005
0.08118582380842006,-0.9378117634293229
0.08513391645826365,-0.9381245036772936
0.0890779743168096,-0.9384363688998163
0.09301793841347947,-0.9387474666791871
0.09695375072955907,-0.9390579061535909
0.1008853542053985,-0.939367797968885
0.10481269274754933,-0.9396772542294868
0.10873571123584153,-0.939986388448473
0.11265435553040697,-0.9402953154968784
0.11656857247865457,-0.9406041515521988
0.12047830992220245,-0.9409130140461995
0.12438351670377137,-0.9412220216119582
0.1282841426740444,-0.9415312940302307
0.13218013869849932,-0.9418409521751603
0.13607145666421697,-0.9421511179593176
0.13995804948667195,-0.9424619142781717
0.14383987111650937,-0.9427734649539243
0.1477168765463119,-0.943085894678819
0.1515890218173635,-0.9433993289579098
0.15545626402641227,-0.943713894051309
0.15931856133243905,-0.9440297169159914
0.16317587296343425,-0.9443469251471188
0.16702815922318712,-0.9446656469189583
0.1708753814980935,-0.9449860109254206
0.17471750226398206,-0.9453081463201977
0.1785544850929688,-0.9456321826566223
0.18238629466033768,-0.9459582498271722
0.18621289675145283,-0.9462864780027217
0.19003425826870857,-0.9466169975715556
0.1938503472385135,-0.9469499390781233
0.1976611328183228,-0.9472854331616725
0.20146658530370815,-0.947623610494653
0.2052666761354794,-0.9479646017210392
0.20906137790685364,-0.948308537394535
0.21285066437067693,-0.9486555479166928
0.21663451044670157,-0.9490057634750321
0.2204128922289173,-0.9493593139810984
0.22418578699294173,-0.9497163290085705
0.22795317320347144,-0.9500769377314109
0.23171503052178974,-0.9504412688620644
0.23547133981334417,-0.9508094505898106
0.23922208315537968,-0.9511816105192067
0.24296724384463753,-0.9515578756087066
0.24670680640512602,-0.9519383721094998
0.25044075659594106,-0.9523232255045087
0.2541690814191679,-0.9527125604477114
0.25789176912783707,-0.9531065007036829
0.26160880923394625,-0.9535051690874674
0.2653201925165528,-0.9539086874048005
0.2690259110299176,-0.9543171763926478
0.27272595811172323,-0.9547307556601932
0.2764203283913448,-0.9551495436301998
0.28010901779817976,-0.9555736574808291
0.28379202357004524,-0.9560032130879614
0.28746934426161475,-0.9564383249679597
0.2911409797529233,-0.9568791062210199
0.2948069312579142,-0.9573256684750374
0.2984672013330356,-0.9577781218300553
0.30212179388588783,-0.9582365748033518
0.3057707141839006,-0.9587011342750976
0.30941396886306344,-0.9591719054347408
0.3130515659366781,-0.9596489917280163
0.31668351480414747,-0.9601324948046832
0.32030982625979665,-0.9606225144670163
0.3239305125016993,-0.9611191486189897
0.3275455871405425,-0.9616224932163153
0.33115506520848825,-0.9621326422172227
0.3347589631680477,-0.9626496875340878
0.3383572989209636,-0.9631737189859207
0.3419500918170741,-0.9637048242516871
0.34553736266318397,-0.964243088824558
0.3491191337319085,-0.9647885959670494
0.35269542877049864,-0.9653414266670934
0.3562662730096417,-0.9659016595950874
0.35983169317221864,-0.966469371061882
0.36339171748202737,-0.9670446349777873
0.3669463756724501,-0.9676275228125839
0.3704956989950679,-0.9682181035565615
0.3740397202282071,-0.9688164436826108
0.3775784736854157,-0.9694226071093813
0.3811119952238594,-0.9700366551655216
0.3846403222526246,-0.9706586465550229
0.38816349374092957,-0.9712886373236771
0.3916815502262238,-0.9719266808266702
0.3951945338221782,-0.9725728276973227
0.39870248822654614,-0.9732271258169928
0.40220545872889363,-0.9738896202861561
0.4057034922181882,-0.9745603533966787
0.4091966371902294,-0.9752393646052911
0.4126849437549271,-0.9759266905082845
0.41616846364339766,-0.9766223648174227
0.41964725021488647,-0.9773264183371148
0.4231213584634911,-0.9780388789428182
0.4265908450246887,-0.9787597715607188
0.43005576818164476,-0.979489118148677
0.43351618787130203,-0.980226937678451
0.4369721656902344,-0.9809732461192185
0.44042376490025364,-0.9817280564223917
0.4438710504337614,-0.9824913785077337
0.44731408889883595,-0.9832632192507976
0.45075294858403797,-0.9840435824716758
0.4541876994629276,-0.9848324689250829
0.4576184131982824,-0.98562987629176
0.461045163145998,-0.9864357991712197
0.464468024358675,-0.987250229075831
0.46788707358886084,-0.9880731544262488
0.47130238929194923,-0.9889045605481788
0.4747140516287231,-0.9897444296705061
0.47812214246752477,-0.9905927409247643
0.48152674538604606,-0.9914494703459561
0.4849279456727277,-0.9923145908747326
0.4883258303277489,-0.993188072360918
0.4917204880636063,-0.9940698815683902
0.49511200930525867,-0.9949599821813093
0.4985004861898396,-0.9958583348116948
0.5018860125659149,-0.996764897008358
0.5052686839922744,-0.9976796232671578
0.5086485977362573,-0.9986024650426238
0.5120258527715824,-0.9995333707608893
0.5154005497756917,-1.0004722858339763
0.5187727911265768,-1.0014191526753924
0.5221426808990923,-1.002373910717059
0.5255103248607307,-1.0033364964275433
0.528875830466866,-1.0043068433316058
0.5322393068554359,-1.0052848820310445
0.5356008648410644,-1.006270540226828
0.5389606169086083,-1.0072637427425126
0.5423186772061225,-1.0082644115489383
0.5456751615372242,-1.0092724657901802
0.5490301873528581,-1.010287821810757
0.552383873742441,-1.0113103931840846
0.5557363414243846,-1.0123400907421563
0.5590877127359778,-1.0133768226064437
0.5624381116226315,-1.0144204942200066
0.5657876636264623,-1.0154710083807899
0.569136495874217,-1.0165282652761094
0.5724847370645244,-1.0175921625182947
0.5758325174544603,-1.0186625951814856
0.5791799688454335,-1.019739455839572
0.5825272245683635,-1.02082263460524
0.5858744194681585,-1.0219120191701325
0.5892216898874778,-1.0230074948460954
0.5925691736497702,-1.0241089446074914
0.5959170100415923,-1.0252162491345664
0.5992653397941801,-1.026329286857854
0.6026143050642875,-1.0274479340035927
0.6059640494142721,-1.0285720646401375
0.6093147177914282,-1.0297015507253564
0.6126664565065569,-1.030836262154976
0.6160194132117766,-1.0319760668118707
0.6193737368775528,-1.0331208306162603
0.6227295777689638,-1.0342704175768105
0.6260870874211752,-1.0354246898425998
0.6294464186141417,-1.0365835077559438
0.6328077253465096,-1.0377467299060394
0.6361711628087363,-1.038914213183426
0.6395368873554134,-1.0400858128352164
0.6429050564767889,-1.0412613825210952
0.6462758287694982,-1.0424407743700512
0.6496493639064854,-1.043623839037814
0.6530258226061288,-1.044810425764982
0.6564053666005591,-1.0460003824358102
0.6597881586031741,-1.047193555637631
0.6631743622753489,-1.0483897907208848
0.6665641421923438,-1.0495889318597342
0.6699576638084022,-1.0507908221132376
0.6733550934210538,-1.0519953034870502
0.676756598134609,-1.0532022169956283
0.6801623458228577,-1.0544114027249143
0.6835725050909698,-1.0556226998954645
0.6869872452365985,-1.0568359469260045
0.6904067362101962,-1.0580509814973749
0.6938311485745372,-1.0592676406168398
0.6972606534634626,-1.0604857606827411
0.7006954225398374,-1.0617051775494517
0.7041356279527411,-1.0629257265926129
0.7075814422938825,-1.064147242774623
0.7110330385532542,-1.065369560710349
0.7144905900740298,-1.06659251473303
0.7179542705067101,-1.067815938960339
0.721424253762524,-1.0690396673605898
0.7249007139660965,-1.0702635338190387
0.7283838254073879,-1.0714873722042608
0.7318737624929155,-1.0727110164345832
0.7353706996962621,-1.0739343005445166
0.7388748115078867,-1.075157058751183
0.7423862723842449,-1.0763791255206971
0.7459052566962286,-1.077600335634468
0.7494319386769355,-1.0788205242554039
0.7529664923687828,-1.080039526993972
0.756509091569975,-1.0812571799741035
0.7600599097803366,-1.0824733198988958
0.7636191201465249,-1.0836877841160923
0.7671868954066354,-1.084900410683309
0.770763407834214,-1.0861110384329717
0.7743488291816857,-1.087319507036942
0.777943330623223,-1.0885256570707955
0.7815470826970603,-1.089729330077729
0.7851602552472771,-1.0909303686320597
0.7887830173650571,-1.0921286164022912
0.7924155373294496,-1.0933239182137213
0.7960579825476407,-1.0945161201105484
0.7997105194947622,-1.0957050694174664
0.8033733136532408,-1.0968906148007016
0.8070465294517217,-1.0980726063284743
0.8107303302035747,-1.0992508955308513
0.8144248780450011,-1.1004253354589646
0.818130333872772,-1.1015957807435623
0.8218468572816009,-1.102762087652869
0.8255746065011872,-1.1039241141497305
0.8293137383329382,-1.105081719948007
0.833064408086395,-1.1062347665681909
0.8368267695153888,-1.1073831173922297
0.840600974753939,-1.1085266377175185
0.8443871742519256,-1.109665194810035
0.8481855167105455,-1.1107986579566054
0.8519961490175892,-1.111926898516251
0.8558192161825514,-1.1130497899706209
0.8596548612716014,-1.1141672079734588
0.8635032253424374,-1.1152790303990916
0.8673644473790502,-1.1163851373899216
0.8712386642264107,-1.1174854114028852
0.8751260105251274,-1.1185797372548631
0.8790266186460682,-1.1196680021670213
0.8829406186250016,-1.1207500958080538
0.8868681380972628,-1.1218259103363084
0.8908093022324727,-1.1228953404407744
0.89476423366935,-1.1239582833809174
0.8987330524506232,-1.125014639025322
0.9027158759580768,-1.1260643098891492
0.9067128188477669,-1.1271072011703631
0.9107239929854144,-1.128143220784729
0.9147495073820227,-1.1291722793995504
0.9187894681297277,-1.1301942904661348
0.9228439783379254,-1.1312091702509632
0.9269131380696927,-1.132216837865565
0.9309970442785263,-1.1332172152950528
0.9350957907454448,-1.1342102274253294
0.9392094680164629,-1.135195802068941
0.9433381633404713,-1.1361738699895507
0.9474819606075602,-1.137144364925049
0.9516409402877954,-1.13810722360925
0.9558151793704985,-1.1390623857921938
0.9600047513040372,-1.1400097942590282
0.9642097259361674,-1.1409493948474518
0.9684301694549566,-1.1418811364637311
0.9726661443303017,-1.1428049710972525
0.9769177092560957,-1.1437208538336303
0.9811849190930412,-1.1446287428663335
0.9854678248121651,-1.1455285995068478
0.9897664734390441,-1.1464203881933495
0.9940809079987906,-1.1473040764978997
0.9984111674617977,-1.1481796351321316
1.0027572866902963,-1.1490470379514526
1.007119296385752,-1.149906261957739
1.0114972230371062,-1.1507572873005214
1.01589108886992,-1.1516000972766687
1.020300911796423,-1.1524346783285566
1.024726705366519,-1.1532610200407294
1.0291684787197521,-1.154079115135049
1.0336262365382738,-1.154888959464328
1.0380999790008467,-1.1556905520044627
1.0425897017378896,-1.1564838948450542
1.0470953957876117,-1.1572689931785183
1.0516170475532496,-1.158045855287705
1.056154638761445,-1.1588144925320183
1.0607081464217738,-1.1595749193320302
1.065277542787474,-1.1603271531526338
1.0698627953173756,-1.161071214484695
1.0744638666390762,-1.1618071268252472
1.0790807145133736,-1.162534916656206
1.083713291799998,-1.163254613421651
1.0883615464246474,-1.1639662495036425
1.0930254213473636,-1.164669860196615
1.0977048545322776,-1.165365483680346
1.1023997789187274,-1.166053160991508
1.1071101223938014,-1.1667329359938334
1.111835807766301,-1.1674048553468852
1.1165767527421664,-1.1680689684734624
1.1213328699013758,-1.168725327525648
1.126104066676346,-1.1693739873495237
1.130890245331852,-1.1700150054485527
1.135691302946491,-1.1706484419456704
1.1405071313957105,-1.1712743595440775
1.1453376173364127,-1.1718928234867734
1.150182642193166,-1.1725039015148344
1.155042082146038,-1.1731076638244746
1.1599158081200696,-1.1737041830228911
1.1648036857764053,-1.1742935340829281
1.1697055755051025,-1.1748757942965828
1.1746213324196304,-1.1754510432273682
1.179550806353087,-1.1760193626615614
1.184493841856133,-1.176580836558365
1.1894502781966778,-1.1771355509990027
1.1944199493613137,-1.1776835941347739
1.199402684058525,-1.1782250561340983
1.2043983057236902,-1.178760029128579
1.2094066325258692,-1.1792886071580975
1.214427477376414,-1.1798108861149972
1.219460647939397,-1.1803269636873517
1.224505946643872,-1.1808369393013691
1.2295631706979924,-1.1813409140629627
1.2346321121049757,-1.1818389906985054
1.2397125576809322,-1.1823312734948093
1.2448042890745812,-1.182817868238361
1.2499070827888297,-1.183298882153843
1.2550207102042628,-1.1837744238419754
1.2601449376045186,-1.1842446032167133
1.2652795262035716,-1.1847095314418274
1.2704242321749146,-1.1851693208669087
1.2755788066826752,-1.1856240849628337
1.2807429959146273,-1.186073938256711
1.2859165411171394,-1.1865189962663685
1.2910991786320376,-1.1869593754343941
1.2962906399353975,-1.187395193061778
1.301490651678263,-1.1878265672411992
1.3066989357292906,-1.1882536167899722
1.31191520921932,-1.1886764611827192
1.3171391845878708,-1.1890952204837766
1.3223705696315609,-1.1895100152794058
1.3276090675544456,-1.189920966609805
1.3328543770202783,-1.1903281959010084
1.3381061922066766,-1.1907318248966725
1.3433642028611994,-1.1911319755898073
1.3486280943593234,-1.191528770154482
1.3538975477643218,-1.191922330877563
1.3591722398890187,-1.1923127800904911
1.3644518433594341,-1.192700240101171
1.3697360266802858,-1.1930848331259876
1.3750244543023658,-1.193466681222004
1.3803167866917552,-1.1938459062193756
1.3856126804008766,-1.1942226296540086
1.3909117881413784,-1.1945969727005257
1.3962137588588224,-1.19496905610556
1.4015182378091726,-1.1953390001214168
1.4068248666370708,-1.1957069244401595
1.4121332834558624,-1.1960729481281296
1.4174431229293991,-1.1964371895609773
1.4227540163555408,-1.1967997663591996
1.4280655917513954,-1.197160795324261
1.4333774739402487,-1.1975203923753173
1.4386892846401553,-1.1978786724865709
1.4440006425542002,-1.1982357496253306
1.4493111634623794,-1.198591736690764
1.4546204603150914,-1.1989467454534277
1.4599281433282207,-1.19930088649558
1.4652338200797677,-1.1996542691523187
1.4705370956080304,-1.2000070014536022
1.4758375725112787,-1.2003591900671462
1.481134851048924,-1.2007109402422826
1.4864285292441328,-1.201062355754768
1.491718202987874,-1.2014135388526122
1.4970034661443472,-1.2017645902029335
1.5022839106578005,-1.202115608839898
1.507559126660652,-1.2024666921137517
1.512828702582938,-1.2028179356409963
1.518092225263014,-1.2031694332557277
1.5233492800594997,-1.203521276962177
1.5285994509644123,-1.203873556888475
1.5338423207174776,-1.2042263612416753
1.539077470921558,-1.204579776264065
1.5443044821591758,-1.2049338861907866
1.5495229341100873,-1.2052887732087956
1.55473240566987,-1.205644517417198
1.5599324750694834,-1.2060011967889632
1.565122719995765,-1.2063588871340636
1.5703027177128126,-1.2067176620640498
1.5754720451842226,-1.2070775929580917
1.5806302791961275,-1.2074387489304956
1.5857769964810031,-1.20780119679974
1.5909117738421883,-1.2081650010590226
1.5960341882790818,-1.208530223848361
1.601143817112961,-1.2088969249282508
1.6062402381133813,-1.2092651616549006
1.6113230296251155,-1.2096349889570723
1.616391770695561,-1.2100064593145172
1.6214460412026008,-1.2103796227380446
1.6264854219828326,-1.2107545267512263
1.631509494960137,-1.2111312163737433
1.636517843274542,-1.211509734106402
1.6415100514112921,-1.211890119917805
1.6464857053301218,-1.2122724112327077
1.6514443925946396,-1.212656642922057
1.6563857025017834,-1.213042847294718
1.661309226211303,-1.2134310540908921
1.6662145568751878,-1.21382129047724
1.671101289767019,-1.2142135810437014
1.6759690224111523,-1.214607947802017
1.6808173547117051,-1.2150044101859496
1.685645889081275,-1.2154029850532144
1.6904542305693344,-1.215803686689095
1.695241986990238,-1.2162065268117703
1.7000087690507997,-1.2166115145793155
1.704754190477358,-1.2170186565984007
1.7094778681422853,-1.2174279569346593
1.7141794221898747,-1.2178394171247258
1.7188584761615453,-1.2182530361899386
1.7235146571202962,-1.2186688106516812
1.7281475957743626,-1.219086734548371
1.7327569265999998,-1.2195067994540607
1.7373422879633378,-1.2199289944986609
1.7419033222412368,-1.2203533063897418
1.7464396759410925,-1.220779719435924
1.750950999819513,-1.2212082155718205
1.7554369489998198,-1.2216387743845198
1.7598971830882943,-1.2220713731415949
1.7643313662891125,-1.2225059868205985
1.768739167517904,-1.2229425881400442
1.7731202605138687,-1.223381147591838
1.7774743239503856,-1.2238216334751344
1.7818010415440577,-1.2242640119315993
1.78610010216211,-1.2247082469820443
1.7903711999280962,-1.2251543005644154
1.7946140343258397,-1.2256021325730975
1.7988283103015366,-1.2260517008995078
1.8030137383639773,-1.2265029614739553
1.807170034682794,-1.2269558683087247
1.8112969211846996,-1.2274103735423614
1.8153941256476243,-1.2278664274851148
1.8194613817927168,-1.2283239786655225
1.823498429374112,-1.228782973878079
1.8275050142664384,-1.2292433582319817
1.8314808885499687,-1.2297050752008865
1.8354258105933674,-1.2301680666736636
1.8393395451339887,-1.2306322730061128
1.8432218633556174,-1.2310976330735797
1.847072542963647,-1.231564084324468
1.8508913682575818,-1.232031562834577
1.8546781302008486,-1.232500003362261
1.8584326264878244,-1.2329693394043346
1.8621546616080413,-1.233439503252723
1.865844046907494,-1.2339104260517804
1.8695006006470112,-1.234382037856276
1.8731241480576213,-1.2348542676899779
1.8767145213928527,-1.2353270436048118
1.880271559977933,-1.235800292740555
1.8837951102558042,-1.2362739413850174
1.8872850258299363,-1.2367479150346912
1.8907411675038488,-1.2372221384558044
1.8941634033173207,-1.237696535745767
1.8975516085792214,-1.2381710303949567
1.900905665896922,-1.238645545348812
1.9042254652022252,-1.2391200030701996
1.9075109037737952,-1.2395943256020219
1.9107618862560127,-1.2400684346300213
1.9139783246742224,-1.2405422515457634
1.917160138446349,-1.241015697509756
1.920307254390797,-1.241488693514675
1.9234196067306446,-1.2419611604486676
1.926497137094063,-1.2424330191587154
1.9295397945109194,-1.2429041905140044
1.932547535405564,-1.2433745954693085
1.935520323585721,-1.2438441551283375
1.9384581302274928,-1.2443127908070428
1.941360933856419,-1.244780424096848
1.9442287203245747,-1.245246976927797
1.947061482783677,-1.2457123716315999
1.9498592216541837,-1.2461765310045598
1.9526219445903374,-1.2466393783703609
1.9553496664411663,-1.2471008376427337
1.9580424092073891,-1.2475608333879578
1.9607002019942326,-1.2480192908872156
1.9633230809601225,-1.248476136198797
1.9659110892612521,-1.2489312962201375
1.9684642769920107,-1.2493846987497188
1.9709827011212397,-1.249836272548806
1.9734664254243504,-1.2502859474030643
1.9759155204112424,-1.2507336541840348
1.9783300632500695,-1.2511793249105139
1.9807101376868068,-1.2516228928098276
1.9830558339606348,-1.252064292379042
1.985367248715143,-1.2525034594461273
1.9876444849053403,-1.2529403312311036
1.9898876517004838,-1.2533748464071999
1.9920968643827204,-1.2538069451620644
1.99427224424156,-1.2542365692590656
1.9964139184641638,-1.254663662098723
1.9985220200214713,-1.2550881687803188
2.0005966875501713,-1.2555100361637441
2.002638065230513,-1.2559292129316189
2.00464630265998,-1.2563456496517675
2.006621554722825,-1.2567592988400902
2.0085639814554863,-1.2571701150239152
2.010473747907881,-1.2575780548058875
2.0123510240005955,-1.2579830769284752
2.014195984377979,-1.2583851423391754
2.016008808257141,-1.2587842142564922
2.0177896792728833,-1.259180258236787
2.0195387853185327,-1.2595732422420705
2.021256318382723,-1.2599631367088544
2.022942474382094,-1.2603499146181412
2.024597452989941,-1.2607335515666658
2.026221457460771,-1.261114025839481
2.0278146944508113,-1.2614913184840106
2.0293773738344147,-1.2618654133856668
2.0309097085163903,-1.2622362973451566
2.032411914240206,-1.2626039601575856
2.0338842093920806,-1.2629683946934893
2.0353268148009,-1.2633295969819047
2.0367399535339556,-1.263687566295609
2.0381238506884567,-1.2640423052386622
2.0394787331787536,-1.2643938198363571
2.0408048295192476,-1.2647421196277384
2.0421023696028993,-1.2650872177607904
2.0433715844752793,-1.265429131090447
2.0446127061040533,-1.2657678802795331
2.0458259671438492,-1.2661034899027925
2.047011600696352,-1.2664359885541057
2.048169840065541,-1.2667654089570413
2.0493009185079196,-1.2670917880788668
2.050405068977587,-1.2674151672481255
2.0514825238659893,-1.2677355922759186
2.052533514736171,-1.2680531135809932
2.0535582720513057,-1.2683677863187517
2.0545570248973024,-1.2686796705142873
2.055530000699224,-1.2689888311995388
2.0564774249312587,-1.2692953385546584
2.0573995208199474,-1.2695992680536712
2.0582965090403333,-1.2699007006144998
2.0591686074047026,-1.270199722753405
2.06001603054352,-1.2704964267439116
2.060838989578151,-1.2707909107802287
2.061637691784918,-1.2710832791452007
2.0624123402500083,-1.271373642382787
2.0631631335147116,-1.2716621174750613
2.063890265210416,-1.2719488280236866
2.064593923682754,-1.2722339044358244
2.0652742916042413,-1.27251748411439
2.065931545574707,-1.2727997116525582
2.066565855708749,-1.2730807390323875
2.067177385209404,-1.2733607258274027
2.0677662899271674,-1.2736398394089596
2.0683327179034134,-1.273918255156148
2.0688768088972234,-1.2741961566689932
2.0693986938945677,-1.2744737359846547
2.069898494598668,-1.2747511937962777
2.070376322900349,-1.2750287396741191
2.0708322803270693,-1.275306592288528
2.071266457469247,-1.2755849796342869
2.071678933382407,-1.2758641392557903
2.072069774963573,-1.2761443184724706
2.072439036300236,-1.276425774603812
2.0727867579901473,-1.2767087751932615
2.073112966430002,-1.2769935982302223
2.0734176730710607,-1.2772805323693013
2.0737008736395586,-1.277569877145869
2.0739625473196437,-1.2778619431869114
2.07420265589648,-1.2781570524160888
2.0744211428569703,-1.2784555382518068
2.074617932445408,-1.2787577457969994
2.0747929286712634,-1.2790640320192672
2.0749460142660463,-1.2793747659198322
2.075077049586134,-1.2796903286897443
2.0751858714581695,-1.2800111138515835
2.0752722919635005,-1.2803375273848077
2.075336097157939,-1.2806699878327727
2.075377045722855,-1.281008926389281
2.0753948675434772,-1.281354786962402
2.0753892622099857,-1.2817080262131255
2.0753598974367584,-1.28206911356626
2.075306407394906,-1.2824385311908226
2.0752283909529345,-1.2828167739469705
2.0751254098201266,-1.2832043492963585
2.074996986586908,-1.2836017771725758
2.0748426026562474,-1.2840095898081645
2.074661696059692,-1.284428331514423
2.0744536591514553,-1.2848585584100636
2.0742178361735273,-1.285300838094472
2.073953520684461,-1.2857557492611187
2.0736599528441215,-1.2862238812463969
2.0733363165462486,-1.286705833508866
2.0729817363903447,-1.287202215033635
