0.0,0.0
0.0,0.0
0.0,0.0
0.0,0.0
0.0,0.0
0.0,0.0
0.0,0.0
0.0,0.0
0.0,0.0
0.0,0.0
0.0,0.0
0.0,0.0
0.0,0.0
0.0,0.0
0.0,0.0
0.0,0.0
0.0,0.0
0.0,0.0
0.0,0.0
0.0,0.0
0.0,0.0
0.0,0.0
0.0,0.0
0.0,0.0
0.0,0.0
0.0,0.0
0.0,0.0
0.0,0.0
0.0,0.0
0.0,0.0
0.0,0.0
0.0,0.0
0.0,0.0
0.0,0.0
0.0,0.0
0.0,0.0
0.0,0.0
0.0,0.0
0.0,0.0
0.0,0.0
0.0,0.0
0.0,0.0
0.0,0.0
0.0,0.0
0.0,0.0
0.0,0.0
0.0,0.0
0.0,0.0
0.0,0.0
0.0,0.0
0.0,0.0
0.0,0.0
0.0,0.0
0.0,0.0
0.0,0.0
0.0,0.0
0.0,0.0
0.0,0.0
0.0,0.0
0.0,0.0
0.0,0.0
0.0,0.0
0.0,0.0
0.0,0.0
0.0,0.0
0.0,0.0
0.0,0.0
0.0,0.0
0.0,0.0
0.0,0.0
0.0,0.0
0.0,0.0
0.0,0.0
0.0,0.0
0.0,0.0
0.0,0.0
0.0,0.0
0.0,0.0
0.0,0.0
0.0,0.0
0.0,0.0
0.0,0.0
0.0,0.0
0.0,0.0
0.0,0.0
0.0,0.0
0.0,0.0
0.0,0.0
0.0,0.0
0.0,0.0
0.0,0.0
0.0,0.0
0.0,0.0
0.0,0.0
0.0,0.0
0.0,0.0
0.0,0.0
0.0,0.0
0.0,0.0
0.0,0.0
0.0,0.0
0.0,0.0
0.0,0.0
0.0,0.0
0.0,0.0
0.0,0.0
0.0,0.0
0.0,0.0
0.0,0.0
0.0,0.0
0.0,0.0
0.0,0.0
0.0,0.0
0.0,0.0
0.0,0.0
0.0,0.0
0.0,0.0
0.0,0.0
0.0,0.0
0.0,0.0
0.0,0.0
0.0,0.0
0.0,0.0
0.0,0.0
0.0,0.0
0.0,0.0
0.0034904812874567027,-3.0460968721746086e-05
0.0034904812874567027,-3.0460968721746086e-05
0.0034904812874567027,-3.0460968721746086e-05
0.0034904812874567027,-3.0460968721746086e-05
0.006980962574913405,-6.092193744349217e-05
0.006980962574913405,-6.092193744349217e-05
0.006980962574913405,-6.092193744349217e-05
0.006980962574913405,-6.092193744349217e-05
0.013962279582890723,-6.092193744349217e-05
0.017452760870347427,-3.0460968721746082e-05
0.02094324215780413,6.776263578034403e-21
0.024433723445260833,-3.046096872174608e-05
0.027924204732717534,-6.0921937443492165e-05
0.027924204732717534,-6.0921937443492165e-05
0.03490552174069485,-6.0921937443492165e-05
0.04188648431560825,-0.00012184387488698434
0.04537696560306495,-0.00015230484360873042
0.04886744689052165,-0.0001827658123304765
0.05584840946543505,-0.00024368774977396866
0.059338890752891754,-0.00027414871849571474
0.06282937204034846,-0.00030460968721746084
0.06631985332780516,-0.00033507065593920695
0.06981033461526186,-0.00036553162466095306
0.07679129719017526,-0.00042645356210444527
0.08377261419815259,-0.00042645356210444527
0.08377261419815259,-0.00042645356210444527
0.09075393120612991,-0.00042645356210444527
0.09773524821410723,-0.00042645356210444527
0.09773524821410723,-0.00042645356210444527
0.10820704650954123,-0.00039599259338269916
0.10820704650954123,-0.00039599259338269916
0.11518800908445463,-0.00033507065593920695
0.11518800908445463,-0.00033507065593920695
0.11867849037191133,-0.00030460968721746084
0.12565945294682473,-0.00024368774977396866
0.12914993423428142,-0.00021322678105222258
0.12914993423428142,-0.00021322678105222258
0.13613018795386364,-9.138599916148251e-05
0.13961960600690715,-1.2371702381004874e-08
0.14310902405995066,9.13612557567205e-05
0.14310902405995066,9.13612557567205e-05
0.15008927777953288,0.00021320203764746057
0.15357869583257638,0.0003045756651065621
0.15357869583257638,0.0003045756651065621
0.15706811388561986,0.0003959492925656636
0.16055753193866337,0.0004873229200247651
0.1675363680447504,0.0006700701749429681
0.1675363680447504,0.0006700701749429681
0.1710257860977939,0.0007614438024020696
0.1745152041508374,0.000852817429861171
0.1814940402569244,0.001035564684779374
0.1814940402569244,0.001035564684779374
0.18847110443520934,0.0012792091346783925
0.18847110443520934,0.0012792091346783925
0.19544994054129633,0.0014619563895965954
0.19544994054129633,0.0014619563895965954
0.20242700471958125,0.001705600839495613
0.20242700471958125,0.001705600839495613
0.2094040688978662,0.0019492452893946311
0.21638113307615112,0.002192889739293649
0.21638113307615112,0.002192889739293649
0.22335819725443606,0.002436534189192668
0.22684548916252464,0.0025887926420970534
0.23033278107061322,0.002741051095001439
0.23730984524889814,0.002984695544900457
0.23730984524889814,0.002984695544900457
0.2442869094271831,0.0032283399947994756
0.25126397360546804,0.0034719844446984937
0.25126397360546804,0.0034719844446984937
0.25824103778375296,0.0037156288945975114
0.2617283296918415,0.003867887347501897
0.26521562159993006,0.004020145800406283
0.2687029135080186,0.004172404253310669
0.27219020541610717,0.004324662706215054
0.2791672695943921,0.004568307156114072
0.2826545615024807,0.0047205656090184575
0.28614185341056925,0.004872824061922843
0.2931189175888541,0.00511646851182186
0.2931189175888541,0.00511646851182186
0.3000959817671391,0.005360112961720879
0.3000959817671391,0.005360112961720879
0.3070705655833162,0.0056646298675296506
0.3070705655833162,0.0056646298675296506
0.3140476297616011,0.00590827431742867
0.3140476297616011,0.00590827431742867
0.3210222135777782,0.006212791223237441
0.3210222135777782,0.006212791223237441
0.32450950548586677,0.006365049676141827
0.3279967973939553,0.006517308129046212
0.33148408930204387,0.006669566581950598
0.33845583865769446,0.00703494048339822
0.33845583865769446,0.00703494048339822
0.341943130565783,0.0071871989363026054
0.34543042247387157,0.007339457389206991
0.3524021718295222,0.007704831290654614
0.3524021718295222,0.007704831290654614
0.3593739211851728,0.008070205192102234
0.36286121309326136,0.00822246364500662
0.3663485050013499,0.008374722097911007
0.3663485050013499,0.008374722097911007
0.37332025435700056,0.008740095999358629
0.38029200371265115,0.009105469900806249
0.38726375306830174,0.009470843802253869
0.38726375306830174,0.009470843802253869
0.38726375306830174,0.009470843802253869
0.39423196006877437,0.009897037600153724
0.39423196006877437,0.009897037600153724
0.4012037094244249,0.010262411501601343
0.4046878129246612,0.010475508400551248
0.4081719164248975,0.010688605299501153
0.4116560199251338,0.010901702198451081
0.4151401234253701,0.011114799097401009
0.4186242269256064,0.011327895996350914
0.425592433926079,0.011754089794250747
0.4290765374263153,0.011967186693200675
0.4325606409265516,0.012180283592150603
0.4360447444267879,0.01239338049110053
0.44301295142726055,0.012819574289000386
0.44301295142726055,0.012819574289000386
0.44649705492749686,0.013032671187950314
0.45346526192796943,0.01345886498585017
0.45346526192796943,0.01345886498585017
0.46042957279859514,0.013945857042416557
0.46042957279859514,0.013945857042416557
0.4673977797990677,0.014372050840316413
0.4673977797990677,0.014372050840316413
0.47436209066969337,0.014859042896882798
0.47436209066969337,0.014859042896882798
0.481326401540319,0.015346034953449182
0.481326401540319,0.015346034953449182
0.48829071241094474,0.01583302701001557
0.48829071241094474,0.01583302701001557
0.4952550232815704,0.016320019066581957
0.498734877082277,0.016593889500197686
0.5022147308829835,0.016867759933813415
0.5056945846836901,0.017141630367429144
0.5091744384843967,0.017415500801044873
0.5161387493550224,0.017902492857611255
0.5196186031557289,0.01817636329122701
0.5196186031557289,0.01817636329122701
0.526578310757142,0.018724104158458467
0.5300581645578486,0.01899797459207422
0.5370224754284743,0.019484966648640606
0.5370224754284743,0.019484966648640606
0.5439821830298873,0.02003270751587209
0.5474620368305939,0.020306577949487817
0.5509418906313005,0.02058044838310357
0.554421744432007,0.020854318816719324
0.56138145203342,0.02140205968395083
0.56138145203342,0.02140205968395083
0.5648613058341266,0.02167593011756656
0.5683411596348332,0.02194980055118229
0.575295910623878,0.022558262420369412
0.5787757644245846,0.02283213285398514
0.582255618225291,0.02310600328760087
0.582255618225291,0.02310600328760087
0.5892103692143357,0.02371446515678799
0.5961651202033804,0.024322927025975116
0.5961651202033804,0.024322927025975116
0.6031198711924252,0.02493138889516224
0.6031198711924252,0.02493138889516224
0.6100746221814698,0.02553985076434936
0.6100746221814698,0.02553985076434936
0.6170293731705144,0.02614831263353648
0.6205039172745135,0.02648287317823093
0.6239784613785125,0.02681743372292538
0.6274530054825116,0.02715199426761983
0.6309275495865106,0.02748655481231428
0.6344020936905097,0.027821115357008732
0.6378766377945089,0.028155675901703182
0.6413511818985079,0.028490236446397612
0.648300270106506,0.029159357535786492
0.6517748142105051,0.029493918080480942
0.6517748142105051,0.029493918080480942
0.6552493583145041,0.029828478625175393
0.6621984465225023,0.030497599714564293
0.6656729906265013,0.030832160259258744
0.6691475347305004,0.031166720803953194
0.6726220788344994,0.031501281348647645
0.6760966229384985,0.0318358418933421
0.6830396955614388,0.032565588231770304
0.6830396955614388,0.032565588231770304
0.6899827681843792,0.0332953345701985
0.6969258408073196,0.0340250809086267
0.6969258408073196,0.0340250809086267
0.7003940168348184,0.03442022965401698
0.7038621928623172,0.034815378399407244
0.7108052654852576,0.03554512473783545
0.7108052654852576,0.03554512473783545
0.7177483381081979,0.03627487107626365
0.7177483381081979,0.03627487107626365
0.7246846901631956,0.03706516856704417
0.7246846901631956,0.03706516856704417
0.731627762786136,0.03779491490547237
0.7385708354090763,0.03852466124390057
0.7385708354090763,0.03852466124390057
0.7420390114365751,0.03891980998929085
0.745507187464074,0.03931495873468113
0.7489753634915728,0.039710107480071394
0.7524435395190716,0.040105256225461655
0.7559117155465704,0.040500404970851916
0.7628409948762264,0.04135121349071729
0.7628409948762264,0.04135121349071729
0.769777346931224,0.042141510981497814
0.769777346931224,0.042141510981497814
0.77670662626088,0.0429923195013632
0.7836359055905361,0.04384312802122859
0.7836359055905361,0.04384312802122859
0.7870966571015197,0.044298744601178934
0.7905574086125033,0.044754361181129305
0.7940181601234869,0.04520997776107965
0.7974789116344705,0.04566559434102999
0.8009396631454542,0.046121210920980336
0.8044004146564377,0.04657682750093068
0.8113219176784049,0.04748806066083137
0.8147826691893886,0.04794367724078174
0.8182434207003721,0.04839929382073208
0.8182434207003721,0.04839929382073208
0.8251649237223393,0.04931052698063275
0.828625675233323,0.04976614356058312
0.828625675233323,0.04976614356058312
0.8355390505440854,0.05073775509736857
0.838999802055069,0.05119337167731891
0.8424605535660525,0.051648988257269254
0.8459213050770361,0.0521046048372196
0.8493820565880198,0.05256022141716997
0.8563035596099872,0.05347145457707071
0.8563035596099872,0.05347145457707071
0.8632169349207495,0.05444306611385615
0.8632169349207495,0.05444306611385615
0.8701303102315119,0.0554146776506416
0.8701303102315119,0.0554146776506416
0.8770436855422743,0.056386289187427045
0.8770436855422743,0.056386289187427045
0.8839570608530368,0.05735790072421251
0.8908704361637991,0.05832951226099795
0.8908704361637991,0.05832951226099795
0.8943227089798321,0.05884545789028445
0.8977749817958651,0.05936140351957094
0.9046883571066275,0.0603330150563564
0.9046883571066275,0.0603330150563564
0.91160173241739,0.061304626593141856
0.9150540052334231,0.06182057222242837
0.9185062780494561,0.062336517851714866
0.9219585508654891,0.06285246348100136
0.925410823681522,0.06336840911028786
0.9323153693135883,0.06440030036886092
0.9323153693135883,0.06440030036886092
0.9392287446243507,0.06537191190564638
0.9426810174403838,0.0658878575349329
0.9461332902564168,0.06640380316421941
0.9495855630724498,0.06691974879350593
0.9530378358884828,0.06743569442279244
0.959942381520549,0.0684675856813655
0.9633946543365821,0.06898353131065202
0.9633946543365821,0.06898353131065202
0.9702900197473598,0.07007564990207121
0.9771853851581376,0.07116776849349041
0.9771853851581376,0.07116776849349041
0.9806376579741706,0.07168371412277692
0.9840899307902038,0.07219965975206347
0.99099447642227,0.0732315510106365
0.99099447642227,0.0732315510106365
0.9978898418330477,0.07432366960205569
0.9978898418330477,0.07432366960205569
1.0047852072438255,0.07541578819347487
1.0082374800598586,0.07593173382276139
1.0116897528758917,0.07644767945204793
1.0116897528758917,0.07644767945204793
1.0185851182866694,0.07753979804346713
1.0254804836974472,0.07863191663488632
1.0254804836974472,0.07863191663488632
1.0254804836974472,0.07863191663488632
1.0323758491082249,0.07972403522630551
1.0392712145190026,0.08081615381772471
1.0392712145190026,0.08081615381772471
1.0427139570443424,0.08139227133431064
1.0461566995696825,0.08196838885089659
1.0530520649804602,0.08306050744231579
1.0530520649804602,0.08306050744231579
1.059947430391238,0.08415262603373498
1.059947430391238,0.08415262603373498
1.0668427958020157,0.08524474462515416
1.0668427958020157,0.08524474462515416
1.0737381612127936,0.08633686321657338
1.0771809037381335,0.08691298073315931
1.0806236462634733,0.08748909824974521
1.0840663887888131,0.08806521576633114
1.087509131314153,0.08864133328291707
1.0944044967249307,0.08973345187433626
1.0944044967249307,0.08973345187433626
1.0978472392502705,0.09030956939092219
1.1047327243009504,0.09146180442409405
1.1081754668262902,0.09203792194067995
1.1116182093516302,0.0926140394572659
1.11506095187697,0.09319015697385183
1.1219464369276497,0.09434239200702368
1.1253891794529896,0.09491850952360961
1.1253891794529896,0.09491850952360961
1.1288319219783294,0.09549462704019554
1.135727287389107,0.09658674563161473
1.139170029914447,0.09716286314820066
1.1426127724397868,0.09773898066478659
1.1460555149651266,0.09831509818137252
1.1529410000158062,0.09946733321454437
1.156383742541146,0.1000434507311303
1.159826485066486,0.1006195682477162
1.159826485066486,0.1006195682477162
1.166701740182178,0.10183186122386663
1.1735769952978699,0.103044154200017
1.1735769952978699,0.103044154200017
1.1804624803485497,0.10419638923318889
1.1804624803485497,0.10419638923318889
1.1873479653992294,0.10534862426636074
1.1873479653992294,0.10534862426636074
1.1942232205149215,0.10656091724251117
1.1942232205149215,0.10656091724251117
1.2010875475987675,0.10783314506832882
1.2010875475987675,0.10783314506832882
1.2045197111406905,0.10846925898123765
1.2079518746826134,0.10910537289414647
1.2113840382245362,0.10974148680705528
1.2148162017664592,0.11037760071996411
1.2148162017664592,0.11037760071996411
1.2216914568821513,0.11158989369611452
1.228555783965997,0.11286212152193216
1.228555783965997,0.11286212152193216
1.23198794750792,0.11349823543484099
1.235420111049843,0.11413434934774984
1.242295366165535,0.11534664232390023
1.245727529707458,0.11598275623680905
1.249159693249381,0.11661887014971788
1.256024020333227,0.11789109797553553
1.256024020333227,0.11789109797553553
1.2628992754489192,0.11910339095168598
1.2628992754489192,0.11910339095168598
1.269774530564611,0.12031568392783637
1.2766497856803032,0.12152797690398678
1.2766497856803032,0.12152797690398678
1.286957204337918,0.123376383793046
1.286957204337918,0.123376383793046
1.293810254889214,0.12470848187774333
1.293810254889214,0.12470848187774333
1.3041176735468292,0.12655688876680257
1.3041176735468292,0.12655688876680257
1.3075498370887522,0.1271930026797114
1.3109820006306752,0.12782911659262022
1.317846327714521,0.12910134441843785
1.321278491256444,0.1297374583313467
1.324710654798367,0.13037357224425553
1.3281428183402897,0.13100968615716432
1.3350071454241357,0.13228191398298203
1.3350071454241357,0.13228191398298203
1.3418601959754317,0.13361401206767934
1.3418601959754317,0.13361401206767934
1.3487132465267277,0.13494611015237667
1.3487132465267277,0.13494611015237667
1.3555662970780238,0.136278208237074
1.3555662970780238,0.136278208237074
1.3624193476293198,0.13761030632177135
1.3658398867175625,0.13830622286454297
1.3692604258058054,0.13900213940731462
1.3692604258058054,0.13900213940731462
1.3761134763571015,0.14033423749201196
1.3829665269083975,0.1416663355767093
1.3829665269083975,0.1416663355767093
1.3863870659966404,0.14236225211948095
1.3932281441731258,0.1437540852050242
1.3966486832613687,0.14445000174779588
1.4000692223496118,0.14514591829056758
1.4034897614378545,0.1458418348333392
1.4069103005260972,0.14653775137611083
1.4103308396143401,0.1472336679188825
1.413751378702583,0.1479295844616542
1.417171917790826,0.14862550100442584
1.4240129959673116,0.15001733408996912
1.4274335350555545,0.15071325063274077
1.4274335350555545,0.15071325063274077
1.4342622935368696,0.1521647480560041
1.4410910520181848,0.15361624547926744
1.4410910520181848,0.15361624547926744
1.4479198104994997,0.15506774290253075
1.4479198104994997,0.15506774290253075
1.4547485689808148,0.15651924032579412
1.4547485689808148,0.15651924032579412
1.4615773274621298,0.15797073774905745
1.464985200167351,0.15872624493877155
1.468393072872572,0.15948175212848564
1.4718009455777934,0.16023725931819977
1.4752088182830145,0.16099276650791383
1.48203757676433,0.16244426393117722
1.48203757676433,0.16244426393117722
1.485445449469551,0.16319977112089132
1.488853322174772,0.16395527831060538
1.4956690675852142,0.1654662926900336
1.4956690675852142,0.1654662926900336
1.4990769402904354,0.16622179987974767
1.5024848129956565,0.16697730706946173
1.5093005584060988,0.16848832144888995
1.51270843111132,0.16924382863860402
1.516116303816541,0.1699993358283181
1.516116303816541,0.1699993358283181
1.5263265628271114,0.17232529763968546
1.5263265628271114,0.17232529763968546
1.5297344355323323,0.17308080482939953
1.5331423082375535,0.17383631201911362
1.5399446945429027,0.1754067666407669
1.5399446945429027,0.1754067666407669
1.5467470808482517,0.17697722126242013
1.5467470808482517,0.17697722126242013
1.553549467153601,0.17854767588407341
1.5569436354047614,0.17936254358592116
1.5603378036559221,0.18017741128776893
1.5603378036559221,0.18017741128776893
1.5671401899612711,0.18174786590942216
1.5739425762666204,0.1833183205310754
1.5739425762666204,0.1833183205310754
1.5773367445177808,0.18413318823292316
1.5841250810201017,0.18576292363661862
1.5875192492712622,0.18657779133846633
1.5909134175224229,0.1873926590403141
1.5943075857735836,0.18820752674216187
1.597701754024744,0.18902239444400962
1.6044756960813622,0.19071132788836168
1.6044756960813622,0.19071132788836168
1.6112496381379804,0.19240026133271373
1.6146438063891408,0.19321512903456148
1.6180379746403015,0.19402999673640925
1.6180379746403015,0.19402999673640925
1.62481191669692,0.19571893018076134
1.6282060849480804,0.19653379788260908
1.6316002531992408,0.19734866558445682
1.6316002531992408,0.19734866558445682
1.638374195255859,0.19903759902880888
1.6451481373124774,0.20072653247316097
1.6451481373124774,0.20072653247316097
1.6451481373124774,0.20072653247316097
1.6519220793690959,0.20241546591751305
1.658696021425714,0.2041043993618651
1.658696021425714,0.2041043993618651
1.6654699634823322,0.20579333280621717
1.6654699634823322,0.20579333280621717
1.6722439055389506,0.20748226625056926
1.6722439055389506,0.20748226625056926
1.6790178475955688,0.2091711996949213
1.6823972774961395,0.21004517969230696
1.6857767073967103,0.2109191596896926
1.6891561372972808,0.21179313968707822
1.6925355671978515,0.21266711968446386
1.6959149970984222,0.2135410996818495
1.699294426998993,0.21441507967923515
1.7026738568995636,0.2152890596766208
1.70941729129908,0.21709595747818344
1.7127967211996507,0.2179699374755691
1.7161761511002211,0.2188439174729547
1.7161761511002211,0.2188439174729547
1.7229195854997377,0.22065081527451738
1.729663019899254,0.22245771307608003
1.729663019899254,0.22245771307608003
1.729663019899254,0.22245771307608003
1.7364064542987703,0.22426461087764268
1.7431498886982868,0.2260715086792054
1.7431498886982868,0.2260715086792054
1.7465135508411824,0.22700433474935527
1.7532408751269741,0.2288699868896551
1.7532408751269741,0.2288699868896551
1.7566045372698698,0.22980281295980498
1.7599681994127654,0.23073563902995486
1.7666955236985566,0.23260129117025458
1.7666955236985566,0.23260129117025458
1.773406396325528,0.23452560293045369
1.773406396325528,0.23452560293045369
1.7801337206113192,0.2363912550707534
1.7801337206113192,0.2363912550707534
1.7868445932382908,0.23831556683095256
1.7868445932382908,0.23831556683095256
1.793555465865262,0.24023987859115165
1.793555465865262,0.24023987859115165
1.8002663384922333,0.24216419035135078
1.8002663384922333,0.24216419035135078
1.8069772111192046,0.2440885021115499
1.813688083746176,0.246012813871749
1.813688083746176,0.246012813871749
1.8170349535273236,0.24700420186680572
1.820381823308471,0.24799558986186238
1.8270926959354423,0.24991990162206149
1.8304395657165897,0.2509112896171181
1.8337864354977371,0.2519026776121748
1.8371333052788845,0.2528940656072315
1.8438095719364989,0.25493520516206364
1.8438095719364989,0.25493520516206364
1.8504858385941134,0.2569763447168959
1.8538327083752608,0.2579677327119526
1.8571795781564082,0.25895912070700927
1.8571795781564082,0.25895912070700927
1.8638558448140228,0.2610002602618415
1.8705321114716371,0.2630413998166736
1.8772083781292512,0.2650825393715057
1.8772083781292512,0.2650825393715057
1.8772083781292512,0.2650825393715057
1.8838846447868656,0.26712367892633787
1.89056091144448,0.26916481848117
1.89056091144448,0.26916481848117
1.8972371781020942,0.27120595803600217
1.9005662360325366,0.2722556059695786
1.9038952939629787,0.27330525390315497
1.9072243518934209,0.27435490183673134
1.910553409823863,0.27540454977030776
1.9138824677543052,0.27645419770388413
1.9205405836151894,0.2785534935710368
1.9205405836151894,0.2785534935710368
1.9271986994760737,0.28065278943818955
1.9271986994760737,0.28065278943818955
1.9305277574065158,0.281702437371766
1.9338568153369577,0.2827520853053423
1.940514931197842,0.28485138117249503
1.9438439891282842,0.28590102910607135
1.9471730470587265,0.2869506770396478
1.9471730470587265,0.2869506770396478
1.9538311629196108,0.2890499729068005
1.96047078995237,0.2912073185053844
1.96047078995237,0.2912073185053844
1.96047078995237,0.2912073185053844
1.967110416985129,0.2933646641039683
1.973750044017888,0.2955220097025521
1.973750044017888,0.2955220097025521
1.980389671050647,0.297679355301136
1.987029298083406,0.29983670089971975
1.987029298083406,0.29983670089971975
1.9903395300998477,0.3009442890388871
1.9936497621162894,0.30205187717805443
2.0002893891490485,0.30420922277663837
2.0002893891490485,0.30420922277663837
2.006929016181808,0.30636656837522225
2.006929016181808,0.30636656837522225
2.0168788752310087,0.30963150211297336
2.0168788752310087,0.30963150211297336
2.0234798401441987,0.3119043966069409
2.0234798401441987,0.3119043966069409
2.030100304177082,0.3141195728852757
2.033410536193524,0.31522716102444304
2.0367207682099657,0.3163347491636103
2.0367207682099657,0.3163347491636103
2.0433217331231557,0.3186076436575779
2.049922698036346,0.3208805381515455
2.049922698036346,0.3208805381515455
2.049922698036346,0.3208805381515455
2.056523662949536,0.32315343264551294
2.063124627862726,0.3254263271394804
2.063124627862726,0.3254263271394804
2.0697255927759164,0.327699221633448
2.0697255927759164,0.327699221633448
2.0763265576891063,0.32997211612741556
2.0763265576891063,0.32997211612741556
2.0862179203759985,0.3334102015840648
2.0862179203759985,0.3334102015840648
2.0895083181497007,0.3345753925467465
2.092798715923403,0.3357405835094282
2.0993795114708074,0.3380709654347916
2.1026699092445096,0.3392361563974733
2.1059603070182122,0.34040134736015504
2.1059603070182122,0.34040134736015504
2.1125205990939753,0.3427890984038252
2.1190808911697387,0.34517684944749555
2.1190808911697387,0.34517684944749555
2.1223712889434414,0.3463420404101773
2.1256616867171436,0.347507231372859
2.132221978792907,0.34989498241652933
2.13878227086867,0.3522827334601996
2.13878227086867,0.3522827334601996
2.1453425629444336,0.35467048450386995
2.1453425629444336,0.35467048450386995
2.14861212418836,0.35589292336161127
2.1518816854322864,0.3571153622193526
2.15844197750805,0.359503113263023
2.1617115387519763,0.3607255521207643
2.1649810999959023,0.36194799097850555
2.1682506612398287,0.36317042983624687
2.171520222483755,0.3643928686939882
2.1780805145595186,0.3667806197376585
2.1780805145595186,0.3667806197376585
2.181350075803445,0.36800305859539995
2.187889198291298,0.3704479363108826
2.187889198291298,0.3704479363108826
2.1911587595352238,0.37167037516862383
2.19442832077915,0.37289281402636515
2.200967443267003,0.3753376917418478
2.2042370045109294,0.3765601305995891
2.207506565754856,0.3777825694573304
2.207506565754856,0.3777825694573304
2.217293747908602,0.3815068885763463
2.217293747908602,0.3815068885763463
2.220563309152528,0.38272932743408755
2.2238328703964543,0.38395176629182887
2.2303501604145026,0.38645351953565305
2.233597889188625,0.3877328339217359
2.233597889188625,0.3877328339217359
2.2400933467368698,0.39029146269390186
2.2433410755109917,0.3915707770799846
2.2433410755109917,0.3915707770799846
2.2465659825256643,0.3929065773028541
2.2497908895403365,0.39424237752572344
2.2530157965550086,0.3955781777485928
2.2530157965550086,0.3955781777485928
2.259442132744342,0.3983059956214612
2.2626432356616473,0.3996978747834291
2.2658443385789524,0.40108975394539703
2.2658443385789524,0.40108975394539703
2.2690454414962575,0.40248163310736484
2.2754476473308682,0.40526539143130075
2.2754476473308682,0.40526539143130075
2.2818253977718688,0.40810494887537346
2.2818253977718688,0.40810494887537346
2.2881780452378284,0.41100001711775386
2.2913543689708082,0.41244755123894394
2.294530692703788,0.41389508536013414
2.294530692703788,0.41389508536013414
2.300883340169748,0.4167901536025146
2.304059663902728,0.4182376877237047
2.3103868858708294,0.42118811978227694
2.3103868858708294,0.42118811978227694
2.3167141078389304,0.424138551840849
2.319864684848606,0.42564129998834555
2.3230152618582816,0.42714404813584206
2.3230152618582816,0.42714404813584206
2.3293424838263834,0.43009448019441443
2.335669705794485,0.4330449122529866
2.335669705794485,0.4330449122529866
2.3388202828041607,0.4345476604004832
2.3450950489662574,0.43760806834336824
2.3513698151283546,0.44066847628625344
2.3513698151283546,0.44066847628625344
2.3545203921380304,0.44217122443375007
2.3608215461573816,0.44517672072874315
2.3639721231670574,0.4466794688762397
2.3639721231670574,0.4466794688762397
2.370246889329154,0.44973987681912475
2.3765216554912514,0.45280028476200995
2.3765216554912514,0.45280028476200995
2.3827964216533486,0.45586069270489504
2.3859202922434424,0.4574181971270548
2.3890441628335366,0.45897570154921474
2.3890441628335366,0.45897570154921474
2.395318928995634,0.46203610949209983
2.401566670175822,0.46515111833641953
2.401566670175822,0.46515111833641953
2.404690540765916,0.4667086227585795
2.40781441135601,0.46826612718073923
2.414062152536198,0.47138113602505893
2.4171860231262916,0.4729386404472188
2.4171860231262916,0.4729386404472188
2.4234064221278264,0.4761080920445106
2.42653029271792,0.47766559646667034
2.4296541633080144,0.4792231008888303
2.4327780338981086,0.48078060531099026
2.4359019044882024,0.48233810973315
2.4421223034897372,0.4855075613304418
2.4421223034897372,0.4855075613304418
2.4483427024912725,0.48867701292773374
2.4483427024912725,0.48867701292773374
2.4545631014928073,0.4918464645250254
2.457659314102076,0.4934582507909136
2.460755526711345,0.4950700370568019
2.46697592571288,0.4982394886540936
2.4700721383221484,0.4998512749199818
2.4731683509314175,0.5014630611858701
2.4731683509314175,0.5014630611858701
2.476264563540686,0.5030748474517583
2.4824569887592234,0.5062984199835346
2.485553201368492,0.5079102062494228
2.4886494139777606,0.5095219925153109
2.4886494139777606,0.5095219925153109
2.4948135510249396,0.51279952232135
2.500977688072118,0.5160770521273886
2.500977688072118,0.5160770521273886
2.504073900681387,0.5176888383932768
2.507170113290656,0.5193006246591652
2.5133342503378344,0.5225781544652038
2.5133342503378344,0.5225781544652038
2.5194983873850134,0.5258556842712427
2.522565998877103,0.5275212614151491
2.525633610369192,0.5291868385590552
2.5317688333533703,0.5325179928468676
2.5348364448454594,0.5341835699907739
2.5379040563375486,0.5358491471346801
2.5409716678296377,0.5375147242785863
2.544039279321727,0.5391803014224925
2.550174502305906,0.5425114557103052
2.553242113797995,0.5441770328542115
2.556309725290084,0.5458426099981176
2.5593773367821733,0.5475081871420238
2.565483334219138,0.5508927967894807
2.565483334219138,0.5508927967894807
2.5715893316561025,0.5542774064369375
2.5715893316561025,0.5542774064369375
2.5776953290930673,0.5576620160843944
2.5776953290930673,0.5576620160843944
2.5838013265300313,0.5610466257318509
2.5838013265300313,0.5610466257318509
2.5898774784314966,0.564484347073834
2.592915554382229,0.5662032077448254
2.592915554382229,0.5662032077448254
2.59896155226301,0.5696938662488141
2.59896155226301,0.5696938662488141
2.6050075501437906,0.5731845247528028
2.6050075501437906,0.5731845247528028
2.611053548024571,0.5766751832567915
2.614061163006582,0.5784468038732566
2.617068777988593,0.5802184244897219
2.617068777988593,0.5802184244897219
2.623114775869374,0.5837090829937108
2.6261223908513847,0.585480703610176
2.6291300058333955,0.5872523242266412
2.6321376208154064,0.5890239448431065
2.635145235797417,0.5907955654595718
2.638152850779428,0.5925671860760372
2.638152850779428,0.5925671860760372
2.6441370074345016,0.5961628301481625
2.6471132452991317,0.5979866710572997
2.653065721028392,0.6016343528755742
2.653065721028392,0.6016343528755742
2.656041958893022,0.6034581937847114
2.6590181967576525,0.6052820346938488
2.6649706724869127,0.6089297165121231
2.6649706724869127,0.6089297165121231
2.670891165084192,0.6126292508843691
2.676811657681472,0.6163287852566153
2.676811657681472,0.6163287852566153
2.6797556118378365,0.6182042908988158
2.682699565994201,0.6200797965410161
2.6885874743069302,0.6238308078254171
2.6915314284632945,0.6257063134676174
2.6915314284632945,0.6257063134676174
2.697386453563382,0.6295086112259761
2.703241478663469,0.6333109089843348
2.703241478663469,0.6333109089843348
2.709096503763557,0.6371132067426939
2.709096503763557,0.6371132067426939
2.7149515288636437,0.6409155045010524
2.7149515288636437,0.6409155045010524
2.720806553963731,0.6447178022594111
2.720806553963731,0.6447178022594111
2.7266281013460185,0.6485710004155639
2.7295388750371625,0.6504975994936404
2.7324496487283065,0.652424198571717
2.7353604224194505,0.6543507976497934
2.741148196524981,0.658254700577534
2.741148196524981,0.658254700577534
2.7469359706305116,0.6621586035052746
2.7469359706305116,0.6621586035052746
2.752723744736042,0.666062506433015
2.752723744736042,0.666062506433015
2.758511518841573,0.6699664093607557
2.758511518841573,0.6699664093607557
2.7642992929471037,0.6738703122884961
2.7700870670526343,0.6777742152162367
2.7700870670526343,0.6777742152162367
2.7758748411581653,0.6816781181439774
2.7758748411581653,0.6816781181439774
2.781662615263696,0.6855820210717178
2.781662615263696,0.6855820210717178
2.7874503893692264,0.6894859239994584
2.7903270959452864,0.6914630296526685
2.793203802521346,0.6934401353058783
2.793203802521346,0.6934401353058783
2.7989915766268765,0.6973440382336189
2.804779350732407,0.7012479411613595
2.804779350732407,0.7012479411613595
2.807656057308467,0.7032250468145694
2.8134094704605865,0.7071792581209894
2.816286177036646,0.7091563637741992
2.819162883612706,0.7111334694274093
2.819162883612706,0.7111334694274093
2.824916296764826,0.7150876807338292
2.827793003340886,0.7170647863870393
2.830669709916946,0.7190418920402493
2.8335464164930055,0.7210189976934591
2.836423123069065,0.722996103346669
2.8421418831679794,0.7270004222771417
2.8421418831679794,0.7270004222771417
2.8450185897440394,0.7289775279303516
2.850772002896159,0.7329317392367716
2.853648709472219,0.7349088448899815
2.853648709472219,0.7349088448899815
2.859367469571133,0.738913163820454
2.8650862296700472,0.7429174827509267
2.8650862296700472,0.7429174827509267
2.8650862296700472,0.7429174827509267
2.870804989768961,0.7469218016813992
2.876523749867875,0.7509261206118718
2.876523749867875,0.7509261206118718
2.8822425099667894,0.7549304395423446
2.8822425099667894,0.7549304395423446
2.8879260363433596,0.758984459507962
2.8879260363433596,0.758984459507962
2.893644796442274,0.7629887784384347
2.896486559630559,0.7650157884212435
2.8993283228188447,0.7670427984040524
2.9021700860071302,0.7690698083868613
2.9050118491954158,0.7710968183696704
2.9078536123837013,0.7731238283524793
2.913537138760272,0.777177848318097
2.9163789019485575,0.7792048583009059
2.9192206651368426,0.7812318682837147
2.9192206651368426,0.7812318682837147
2.924868669239415,0.7853353834625822
2.930516673341988,0.7894388986414501
2.930516673341988,0.7894388986414501
2.930516673341988,0.7894388986414501
2.9361646774445607,0.793542413820318
2.941812681547133,0.7976459289991856
2.944618635719048,0.7997222258647164
2.947424589890963,0.8017985227302474
2.950230544062878,0.8038748195957784
2.953036498234793,0.8059511164613092
2.9558424524067077,0.80802741332684
2.9614179800761757,0.8122288747836277
2.9614179800761757,0.8122288747836277
2.9669935077456433,0.816430336240415
2.9669935077456433,0.816430336240415
2.972532088615088,0.8206802388166436
2.972532088615088,0.8206802388166436
2.9781076162845554,0.8248817002734312
2.9781076162845554,0.8248817002734312
2.9836461971539996,0.8291316028496597
2.9864154875887214,0.8312565541377739
2.9891847780234433,0.833381505425888
2.991954068458165,0.835506456714002
2.9974926493276097,0.8397563592902306
2.9974926493276097,0.8397563592902306
3.0029940022042334,0.8440544872190779
3.0029940022042334,0.8440544872190779
3.008495355080857,0.8483526151479254
3.008495355080857,0.8483526151479254
3.0139967079574808,0.8526507430767729
3.0139967079574808,0.8526507430767729
3.0194980608341044,0.8569488710056203
3.024999413710728,0.8612469989344678
3.024999413710728,0.8612469989344678
3.027731196855564,0.863419957364418
3.033194763145236,0.8677658742243184
3.0359265462900717,0.8699388326542686
3.0386583294349077,0.872111791084219
3.0386583294349077,0.872111791084219
3.044121895724579,0.8764577079441193
3.0495473980429795,0.8808511930936225
3.0495473980429795,0.8808511930936225
3.0522791811878154,0.8830241515235726
3.0550109643326513,0.885197109953523
3.0604364666510517,0.889590595103026
3.0604364666510517,0.889590595103026
3.065861968969452,0.8939840802525293
3.068555412696792,0.8962043839201277
3.0712488564241327,0.8984246875877264
3.073942300151473,0.900644991255325
3.0766357438788137,0.9028652949229237
3.082061246197214,0.9072587800724269
3.082061246197214,0.9072587800724269
3.084754689924554,0.9094790837400253
3.090141577379235,0.9139196910752226
3.092835021106575,0.916139994742821
3.0955284648339156,0.9183602984104198
3.098221908561256,0.9205806020780185
3.1009153522885966,0.9228009057456172
3.1062633513882094,0.9272884098176387
3.1062633513882094,0.9272884098176387
3.10895679511555,0.9295087134852372
3.114343682570231,0.9339493208204342
3.117037126297571,0.9361696244880326
3.117037126297571,0.9361696244880326
3.122385125397184,0.9406571285600547
3.122385125397184,0.9406571285600547
3.127733124496797,0.9451446326320762
3.127733124496797,0.9451446326320762
3.13308112359641,0.9496321367040977
3.138429122696023,0.9541196407761194
3.138429122696023,0.9541196407761194
3.1410834065568167,0.9563866133553608
3.1437376904176104,0.9586535859346021
3.1490856895172237,0.9631410900066241
3.1490856895172237,0.9631410900066241
3.1544336886168365,0.9676285940786455
3.1544336886168365,0.9676285940786455
3.159742256338424,0.9721625392371281
3.159742256338424,0.9721625392371281
3.1650902554380367,0.9766500433091496
3.1650902554380367,0.9766500433091496
3.17043825453765,0.9811375473811715
3.1730925383984436,0.9834045199604128
3.175746822259237,0.9856714925396538
3.1784011061200306,0.9879384651188952
3.1837096738416175,0.9924724102773775
3.1863639577024108,0.9947393828566186
3.1890182415632045,0.9970063554358599
3.1890182415632045,0.9970063554358599
3.194287108391697,1.0015865114931883
3.1995559752201896,1.0061666675505168
3.1995559752201896,1.0061666675505168
3.2048645429417766,1.0107006127089992
3.2048645429417766,1.0107006127089992
3.210133409770269,1.0152807687663277
3.210133409770269,1.0152807687663277
3.2154022765987618,1.019860924823656
3.220671143427254,1.0244410808809843
3.220671143427254,1.0244410808809843
3.220671143427254,1.0244410808809843
3.225940010255747,1.0290212369383132
3.2312088770842395,1.0336013929956416
3.2312088770842395,1.0336013929956416
3.2338231925579097,1.0359143439447174
3.23643750803158,1.0382272948937927
3.2417063748600725,1.0428074509511212
3.2417063748600725,1.0428074509511212
3.2443206903337427,1.0451204019001965
3.249549321281083,1.0497463037983477
3.2521636367547533,1.0520592547474235
3.2521636367547533,1.0520592547474235
3.257432503583246,1.0566394108047519
3.260046819056916,1.0589523617538277
3.2626611345305863,1.061265312702903
3.2652754500042565,1.0635782636519784
3.2678897654779266,1.0658912146010542
3.273118396425267,1.0705171164992053
3.275732711898937,1.0728300674482807
3.275732711898937,1.0728300674482807
3.280920841508433,1.0775014803310121
3.2861089711179288,1.082172893213743
3.2861089711179288,1.082172893213743
3.288723286591599,1.0844858441628187
3.291337602065269,1.0867987951118945
3.2965662330126095,1.0914246970100456
3.2965662330126095,1.0914246970100456
3.301754362622105,1.0960961098927768
3.3043686780957753,1.0984090608418524
3.3069829935694455,1.1007220117909278
3.3121711231789415,1.1053934246736594
3.3121711231789415,1.1053934246736594
3.3121711231789415,1.1053934246736594
3.3199328035291655,1.1124230623280358
3.3225063542698936,1.1147812870996803
3.3250799050106217,1.117139511871325
3.3276534557513497,1.1194977366429697
3.330227006492078,1.1218559614146146
3.330227006492078,1.1218559614146146
3.335332818528039,1.1266172081651316
3.340438630564,1.1313784549156485
3.340438630564,1.1313784549156485
3.345544442599961,1.1361397016661654
3.345544442599961,1.1361397016661654
3.3480764446792604,1.1385424819222691
3.35060844675856,1.140945262178373
3.35314044883786,1.143348042434477
3.35314044883786,1.143348042434477
3.3606943900997788,1.1506004529870002
3.3606943900997788,1.1506004529870002
3.3632263921790786,1.153003233243104
3.3657583942583784,1.155406013499208
3.373312335520297,1.1626584240517308
3.373312335520297,1.1626584240517308
3.373312335520297,1.1626584240517308
3.3783342747029166,1.16750805434815
3.3808239568484266,1.1699546581785705
3.3833136389939367,1.172401262008991
3.388335578176556,1.1772508923054106
3.388335578176556,1.1772508923054106
3.393314942467576,1.1821440999662518
3.395804624613086,1.1845907037966728
3.395804624613086,1.1845907037966728
3.40074116121104,1.1895272403946267
3.40323084335655,1.1919738442250472
3.40572052550206,1.194420448055468
3.40821020764757,1.196867051885889
3.4106998897930803,1.1993136557163098
3.4156364263910337,1.2042501923142632
3.4181261085365438,1.206696796144684
3.420615790682054,1.209143399975105
3.420615790682054,1.209143399975105
3.4255523272800077,1.2140799365730586
3.4304888638779616,1.2190164731710122
3.4304888638779616,1.2190164731710122
3.4304888638779616,1.2190164731710122
3.435425400475915,1.223953009768966
3.4403619370738685,1.2288895463669196
3.4452984736718224,1.2338260829648733
3.4452984736718224,1.2338260829648733
3.447745077502243,1.2363157651103835
3.450191681332664,1.2388054472558934
3.450191681332664,1.2388054472558934
3.4551282179306178,1.243741983853847
3.4600647545285717,1.2486785204518007
3.4600647545285717,1.2486785204518007
3.4650012911265256,1.2536150570497544
3.4699378277244795,1.258551593647708
3.4699378277244795,1.258551593647708
3.4699378277244795,1.258551593647708
3.4748743643224334,1.263488130245662
3.4798537286134534,1.2683813379065036
3.4823434107589635,1.2708279417369241
3.4848330929044735,1.273274545567345
3.4873227750499836,1.275721149397766
3.4923447142326025,1.280570779694185
3.4923447142326025,1.280570779694185
3.497366653415222,1.2854204099906041
3.497366653415222,1.2854204099906041
3.502388592597841,1.290270040287023
3.5074105317804602,1.2951196705834427
3.5074105317804602,1.2951196705834427
3.512432470963079,1.2999693008798616
3.5174544101456986,1.304818931176281
3.5174544101456986,1.304818931176281
3.5199864122249984,1.3072217114323847
3.5225184143042982,1.3096244916884887
3.5275403534869176,1.3144741219849079
3.5275403534869176,1.3144741219849079
3.532562292669537,1.319323752281327
3.532562292669537,1.319323752281327
3.5376262968281367,1.3241293127935345
3.5401582989074365,1.3265320930496385
3.5426903009867363,1.3289348733057424
3.5426903009867363,1.3289348733057424
3.547754305145336,1.3337404338179502
3.550286307224636,1.336143214074054
3.5528183093039356,1.3385459943301579
3.5553503113832354,1.3409487745862616
3.5578823134625353,1.3433515548423656
3.5629042526451546,1.3482011851387852
3.5629042526451546,1.3482011851387852
3.567968256803754,1.3530067456509927
3.5705002588830537,1.3554095259070966
3.5730322609623535,1.3578123061632004
3.5730322609623535,1.3578123061632004
3.578096265120953,1.3626178666754083
3.580628267200253,1.365020646931512
3.583160269279553,1.3674234271876158
3.583160269279553,1.3674234271876158
3.588182208462172,1.3722730574840354
3.5907142105414716,1.3746758377401391
3.5932462126207714,1.3770786179962429
3.5932462126207714,1.3770786179962429
3.5982681518033908,1.3819282482926623
3.6032900909860097,1.3867778785890812
3.6032900909860097,1.3867778785890812
3.608312030168629,1.3916275088855008
3.608312030168629,1.3916275088855008
3.613333969351248,1.3964771391819197
3.613333969351248,1.3964771391819197
3.6183559085338675,1.401326769478339
3.6233778477164864,1.406176399774758
3.628399786899106,1.4110260300711777
3.628399786899106,1.4110260300711777
3.628399786899106,1.4110260300711777
3.633379151190126,1.4159192377320193
3.6384010903727453,1.4207688680284385
3.6384010903727453,1.4207688680284385
3.6408907725182553,1.4232154718588594
3.6458701368092754,1.4281086795197009
3.6483598189547854,1.4305552833501214
3.6508495011002955,1.4330018871805419
3.6533391832458055,1.4354484910109628
3.6583185475368256,1.4403416986718038
3.6608082296823357,1.4427883025022248
3.6608082296823357,1.4427883025022248
3.665744766280289,1.4477248391001785
3.670681302878243,1.4526613756981321
3.670681302878243,1.4526613756981321
3.675617839476197,1.4575979122960858
3.675617839476197,1.4575979122960858
3.680597203767217,1.4624911199569273
3.680597203767217,1.4624911199569273
3.685533740365171,1.4674276565548812
3.690470276963125,1.4723641931528348
3.690470276963125,1.4723641931528348
3.6929168807935455,1.4748538752983447
3.6953634846239662,1.4773435574438545
3.70030002122192,1.4822800940418082
3.70030002122192,1.4822800940418082
3.702746625052341,1.4847697761873184
3.7051932288827616,1.4872594583328285
3.710086436543603,1.492238822623849
3.710086436543603,1.492238822623849
3.715022973141557,1.4971753592218027
3.7174695769719777,1.4996650413673125
3.7199161808023984,1.5021547235128225
3.722362784632819,1.5046444056583328
3.72480938846324,1.5071340878038426
3.7272559922936606,1.5096237699493524
3.732149199954502,1.5146031342403725
3.7345958037849227,1.5170928163858823
3.7370424076153435,1.5195824985313926
3.739489011445764,1.5220721806769029
3.744425548043718,1.5270087172748565
3.744425548043718,1.5270087172748565
3.749362084641672,1.5319452538728102
3.749362084641672,1.5319452538728102
3.7542986212396254,1.5368817904707637
3.7592351578375793,1.5418183270687174
3.7617248399830894,1.5442649308991383
3.7642145221285994,1.5467115347295588
3.7691510587265533,1.5516480713275125
3.7691510587265533,1.5516480713275125
3.7716407408720634,1.5540946751579334
3.7741304230175734,1.556541278988354
3.7790669596155273,1.5614778155863076
3.784003496213481,1.5664143521842617
3.784003496213481,1.5664143521842617
3.7864931783589912,1.5688609560146822
3.7914725426500113,1.5737541636755237
3.7939622247955214,1.5762007675059442
3.7964519069410314,1.5786473713363651
3.7989415890865414,1.581093975166786
3.8014312712320515,1.5835405789972066
3.806453210414671,1.5883902092936262
3.806453210414671,1.5883902092936262
3.811432574705691,1.5932834169544672
3.813922256851201,1.5957300207848877
3.816411938996711,1.5981766246153086
3.816411938996711,1.5981766246153086
3.82143387817933,1.6030262549117276
3.8264558173619494,1.6078758852081472
3.8264558173619494,1.6078758852081472
3.8289454995074594,1.6103224890385677
3.8314351816529695,1.6127690928689882
3.836457120835589,1.6176187231654073
3.836457120835589,1.6176187231654073
3.8414790600182083,1.6224683534618265
3.8465009992008277,1.6273179837582457
3.8465009992008277,1.6273179837582457
3.8490330012801275,1.6297207640143496
3.8515650033594273,1.6321235442704536
3.8565869425420467,1.6369731745668727
3.8591189446213465,1.6393759548229767
3.861650946700646,1.6417787350790805
3.861650946700646,1.6417787350790805
3.8667149508592455,1.6465842955912882
3.8692469529385454,1.648987075847392
3.871778955017845,1.6513898561034959
3.874310957097145,1.6537926363595996
3.8793749612557447,1.6585981968718073
3.8819069633350445,1.6610009771279113
3.8844389654143443,1.663403757384015
3.886970967493644,1.6658065376401188
3.8919929066762635,1.6706561679365384
3.8919929066762635,1.6706561679365384
3.8970148458588825,1.6755057982329573
3.8970148458588825,1.6755057982329573
3.902078850017482,1.6803113587451652
3.904610852096782,1.6827141390012692
3.9071428541760813,1.685116919257373
3.9071428541760813,1.685116919257373
3.914696795438,1.6923693298098956
3.9172287975173,1.6947721100659994
3.9172287975173,1.6947721100659994
3.9222507366999193,1.699621740362419
3.924782738779219,1.702024520618523
3.9273147408585185,1.7044273008746267
3.932336680041138,1.7092769311710458
3.932336680041138,1.7092769311710458
3.9373586192237573,1.7141265614674654
3.9373586192237573,1.7141265614674654
3.9398483013692673,1.716573165297886
3.9448276656602874,1.7214663729587274
3.9473173478057975,1.7239129767891483
3.9473173478057975,1.7239129767891483
3.9498070299513075,1.7263595806195688
3.957318651279437,1.7336558147464085
3.957318651279437,1.7336558147464085
3.959808333424947,1.7361024185768295
3.962298015570457,1.7385490224072504
3.964787697715967,1.740995626237671
3.967277379861477,1.7434422300680914
3.969767062006987,1.745888833898512
3.972256744152497,1.7483354377289329
3.9772361084435173,1.7532286453897743
3.9797257905890273,1.7556752492201948
3.9822154727345374,1.7581218530506157
3.9822154727345374,1.7581218530506157
3.9871948370255574,1.7630150607114567
3.9896845191710675,1.7654616645418773
3.9921742013165775,1.7679082683722982
3.994663883462088,1.7703548722027194
3.999643247753108,1.7752480798635604
3.999643247753108,1.7752480798635604
4.002132929898618,1.7776946836939809
4.004622612044128,1.7801412875244014
4.009559148642082,1.7850778241223557
4.012048830787593,1.7875244279527767
4.014538512933102,1.7899710317831972
4.014538512933102,1.7899710317831972
4.019475049531056,1.7949075683811506
4.024411586129009,1.7998441049791043
4.024411586129009,1.7998441049791043
4.029348122726963,1.8047806415770584
4.031837804872473,1.807227245407479
4.0343274870179835,1.8096738492378999
4.0343274870179835,1.8096738492378999
4.039264023615937,1.8146103858358533
4.04420056021389,1.8195469224338068
4.04420056021389,1.8195469224338068
4.04420056021389,1.8195469224338068
4.049137096811845,1.8244834590317611
4.054073633409798,1.8294199956297146
4.054073633409798,1.8294199956297146
4.05896684107064,1.8343993599207347
4.05896684107064,1.8343993599207347
4.063903377668594,1.8393358965186888
4.063903377668594,1.8393358965186888
4.066349981499014,1.8418255786641986
4.068796585329435,1.8443152608097084
4.073733121927388,1.849251797407662
4.073733121927388,1.849251797407662
4.0786696585253415,1.8541883340056156
4.081116262355763,1.856678016151126
4.083562866186183,1.8591676982966359
4.083562866186183,1.8591676982966359
4.088499402784136,1.8641042348945895
4.093435939382091,1.8690407714925437
4.093435939382091,1.8690407714925437
4.095882543212511,1.8715304536380535
4.098329147042931,1.8740201357835633
4.103222354703774,1.8789995000745838
4.103222354703774,1.8789995000745838
4.108158891301727,1.8839360366725373
4.108158891301727,1.8839360366725373
4.115542031730102,1.8913622554160014
4.115542031730102,1.8913622554160014
4.117988635560522,1.8938519375615113
4.120435239390942,1.896341619707021
4.122881843221363,1.8988313018525314
4.127818379819317,1.9037678384504848
4.130264983649737,1.9062575205959946
4.132711587480157,1.9087472027415044
4.137648124078112,1.9136837393394586
4.137648124078112,1.9136837393394586
4.142584660676066,1.9186202759374127
4.142584660676066,1.9186202759374127
4.14752119727402,1.9235568125353661
4.14752119727402,1.9235568125353661
4.150010879419529,1.9260034163657866
4.152500561565039,1.9284500201962071
4.15747992585606,1.933343227857049
4.159969608001569,1.9357898316874695
4.159969608001569,1.9357898316874695
4.167395826745033,1.9431729721158442
4.167395826745033,1.9431729721158442
4.169885508890543,1.9456195759462647
4.169885508890543,1.9456195759462647
4.174907448073163,1.9504692062426843
4.179929387255782,1.9553188365391034
4.179929387255782,1.9553188365391034
4.184951326438401,1.9601684668355226
4.1874833285177,1.9625712470916263
4.190015330597,1.96497402734773
4.1925473326763,1.967376807603834
4.1950793347556,1.969779587859938
4.2001433389141996,1.9745851483721455
4.202675340993499,1.9769879286282492
4.202675340993499,1.9769879286282492
4.20778115302946,1.981749175378766
4.212886965065422,1.9865104221292837
4.212886965065422,1.9865104221292837
4.212886965065422,1.9865104221292837
4.217992777101383,1.9912716688798004
4.223098589137344,1.9960329156303172
4.225672139878072,1.9983911404019623
4.2282456906188,2.000749365173607
4.230819241359527,2.0031075899452513
4.236007370969023,2.0077790028279825
4.238580921709751,2.010137227599627
4.241154472450479,2.0124954523712715
4.241154472450479,2.0124954523712715
4.246342602059975,2.0171668652540027
4.251530731669471,2.0218382781367343
4.256718861278967,2.0265096910194655
4.256718861278967,2.0265096910194655
4.259333176752636,2.028822641968541
4.261947492226306,2.0311355929176163
4.264561807699977,2.033448543866692
4.264561807699977,2.033448543866692
4.27244499000214,2.0403416508730965
4.27505930547581,2.042654601822172
4.27505930547581,2.042654601822172
4.2776736209494794,2.044967552771247
4.285556803251643,2.051860659777651
4.285556803251643,2.051860659777651
4.285556803251643,2.051860659777651
4.290825670080135,2.0564408158349794
4.290825670080135,2.0564408158349794
4.296094536908628,2.061020971892308
4.298748820769422,2.0632879444715497
4.301403104630215,2.065554917050791
4.306671971458708,2.070135073108119
4.306671971458708,2.070135073108119
4.3119408382872,2.074715229165448
4.314595122147994,2.076982201744689
4.317249406008788,2.0792491743239307
4.317249406008788,2.0792491743239307
4.319903689869582,2.081516146903172
4.3252122575911685,2.0860500920616545
4.327866541451962,2.0883170646408957
4.330520825312755,2.090584037220137
4.333175109173549,2.092851009799378
4.338443976002042,2.097431165856707
4.338443976002042,2.097431165856707
4.341098259862835,2.099698138435948
4.343752543723629,2.1019651110151893
4.346406827584422,2.1042320835944306
4.349061111445216,2.106499056173672
4.354329978273708,2.1110792122310005
4.354329978273708,2.1110792122310005
4.359638545995296,2.1156131573894834
4.36229282985609,2.1178801299687247
4.364947113716883,2.120147102547966
4.364947113716883,2.120147102547966
4.3702159805453755,2.124727258605294
4.375484847373868,2.1293074146626227
4.375484847373868,2.1293074146626227
4.380753714202361,2.1338875707199514
4.383407998063154,2.1361545432991926
4.386062281923947,2.138421515878434
4.388716565784741,2.140688488457675
4.3913708496455355,2.142955461036917
4.396639716474028,2.1475356170942455
4.396639716474028,2.1475356170942455
4.401908583302521,2.1521157731515737
4.401908583302521,2.1521157731515737
4.407217151024108,2.156649718310056
4.409871434884901,2.1589166908892974
4.412525718745695,2.1611836634685386
4.417794585574188,2.1657638195258673
4.417794585574188,2.1657638195258673
4.420448869434981,2.1680307921051085
4.423103153295775,2.1702977646843498
4.428411721017362,2.1748317098428323
4.428411721017362,2.1748317098428323
4.431066004878156,2.177098682422074
4.43372028873895,2.179365655001315
4.438989155567443,2.183945811058644
4.441643439428236,2.186212783637885
4.444297723289029,2.1884797562171263
4.444297723289029,2.1884797562171263
4.449606291010617,2.193013701375609
4.452260574871411,2.19528067395485
4.454914858732204,2.1975476465340913
4.457569142592997,2.1998146191133325
4.4602234264537906,2.202081591692574
4.462877710314584,2.204348564271815
4.465531994175377,2.2066155368510563
4.468186278036171,2.2088825094302975
4.4734948457577595,2.2134164545887804
4.476149129618553,2.2156834271680217
4.476149129618553,2.2156834271680217
4.481417996447045,2.22026358322535
4.486686863275538,2.2248437392826785
4.486686863275538,2.2248437392826785
4.489341147136332,2.22711071186192
4.491995430997126,2.2293776844411615
4.497303998718713,2.233911629599644
4.497303998718713,2.233911629599644
4.502572865547205,2.238491785656972
4.502572865547205,2.238491785656972
4.507881433268793,2.2430257308154546
4.510535717129587,2.2452927033946963
4.51319000099038,2.2475596759739376
4.51319000099038,2.2475596759739376
4.518458867818873,2.252139832031266
4.521113151679666,2.2544068046105075
4.523767435540459,2.2566737771897487
4.5290760032620465,2.2612077223482316
4.531730287122841,2.2634746949274733
4.534384570983634,2.2657416675067146
4.534384570983634,2.2657416675067146
4.5396534378121265,2.2703218235640428
4.54230772167292,2.272588796143284
4.544962005533713,2.2748557687225253
4.547616289394507,2.2771227413017665
4.5529248571160945,2.281656686460249
4.5529248571160945,2.281656686460249
4.558272856215708,2.2861441905322706
4.558272856215708,2.2861441905322706
4.56362085531532,2.290631694604292
4.568968854414934,2.2951191986763146
4.568968854414934,2.2951191986763146
4.568968854414934,2.2951191986763146
4.5743168535145475,2.2996067027483362
4.57966485261416,2.304094206820358
4.5823582963415,2.3063145104879563
4.585051740068841,2.308534814155555
4.587745183796182,2.3107551178231533
4.593170686114582,2.3151486029726565
4.593170686114582,2.3151486029726565
4.598596188432982,2.3195420881221596
4.603983075887664,2.323982695457357
4.603983075887664,2.323982695457357
4.606676519615004,2.3262029991249555
4.609369963342344,2.328423302792554
4.614795465660745,2.3328167879420576
4.614795465660745,2.3328167879420576
4.620220967979145,2.3372102730915607
4.620220967979145,2.3372102730915607
4.625684534268816,2.341556189951461
4.628416317413652,2.343729148381411
4.631148100558488,2.3459021068113612
4.631148100558488,2.3459021068113612
4.63661166684816,2.3502480236712615
4.63661166684816,2.3502480236712615
4.639343449992996,2.3524209821012114
4.642075233137832,2.3545939405311613
4.647538799427504,2.3589398573910616
4.647538799427504,2.3589398573910616
4.65027058257234,2.361112815821012
4.653002365717176,2.3632857742509628
4.658465932006848,2.3676316911108626
4.658465932006848,2.3676316911108626
4.661197715151684,2.369804649540813
4.666699068028308,2.37410277746966
4.666699068028308,2.37410277746966
4.6722004209049315,2.3784009053985073
4.6722004209049315,2.3784009053985073
4.677701773781555,2.3826990333273548
4.677701773781555,2.3826990333273548
4.683203126658179,2.3869971612562026
4.688741707527622,2.3912470638324304
4.688741707527622,2.3912470638324304
4.694243060404245,2.395545191761278
4.694243060404245,2.395545191761278
4.699744413280869,2.399843319690125
4.702513703715591,2.40196827097824
4.705282994150313,2.404093222266354
4.708052284585034,2.4062181735544677
4.7108215750197555,2.4083431248425815
4.716360155889199,2.41259302741881
4.7191294463239215,2.4147179787069244
4.721898736758643,2.4168429299950382
4.724668027193364,2.418967881283152
4.730243554862832,2.4231693427399397
4.730243554862832,2.4231693427399397
4.735819082532299,2.4273708041967272
4.735819082532299,2.4273708041967272
4.741394610201768,2.4315722656535153
4.744163900636489,2.433697216941629
4.746933191071211,2.435822168229743
4.746933191071211,2.435822168229743
4.752508718740678,2.4400236296865305
4.758084246410147,2.4442250911433185
4.758084246410147,2.4442250911433185
4.763659774079614,2.448426552600106
4.763659774079614,2.448426552600106
4.769235301749082,2.4526280140568937
4.769235301749082,2.4526280140568937
4.774810829418549,2.4568294755136812
4.777616783590465,2.4589057723792127
4.78042273776238,2.4609820692447437
4.78042273776238,2.4609820692447437
4.785998265431847,2.4651835307015313
4.791573793101315,2.469384992158319
4.791573793101315,2.469384992158319
4.79437974727323,2.47146128902385
4.7999916556170605,2.475613882754912
4.802797609788976,2.4776901796204434
4.805603563960891,2.479766476485974
4.808409518132806,2.481842773351505
4.811215472304721,2.483919070217036
4.816863476407294,2.4880225853959033
4.816863476407294,2.4880225853959033
4.822511480509867,2.4921261005747715
4.825317434681782,2.4942023974403025
4.828123388853697,2.4962786943058335
4.8309651520419825,2.4983057042886423
4.833806915230268,2.500332714271451
4.83945491933284,2.504436229450319
4.842296682521125,2.5064632394331277
4.845138445709411,2.508490249415937
4.847980208897696,2.5105172593987457
4.85369896899661,2.514521578329218
4.856540732184896,2.516548588312027
4.856540732184896,2.516548588312027
4.859382495373182,2.518575598294836
4.865066021749753,2.5226296182604537
4.865066021749753,2.5226296182604537
4.870784781848666,2.526633937190926
4.870784781848666,2.526633937190926
4.876468308225237,2.5306879571565437
4.876468308225237,2.5306879571565437
4.882187068324152,2.534692276087016
4.882187068324152,2.534692276087016
4.887905828423066,2.5386965950174885
4.890782534999126,2.5406737006706983
4.893659241575186,2.5426508063239086
4.893659241575186,2.5426508063239086
4.8993780016741,2.546655125254381
4.902254708250161,2.5486322309075913
4.90513141482622,2.550609336560801
4.90513141482622,2.550609336560801
4.913726881501194,2.556590761144484
4.913726881501194,2.556590761144484
4.916603588077254,2.5585678667976937
4.919480294653314,2.560544972450904
4.922357001229374,2.562522078104114
4.928075761328288,2.566526397034586
4.930952467904348,2.568503502687796
4.936740242009878,2.5724074056155364
4.936740242009878,2.5724074056155364
4.939616948585938,2.5743845112687462
4.942493655161998,2.5763616169219565
4.948281429267529,2.580265519849697
4.948281429267529,2.580265519849697
4.954069203373059,2.584169422777437
4.954069203373059,2.584169422777437
4.959822616525179,2.5881236340838574
4.959822616525179,2.5881236340838574
4.96561039063071,2.5920275370115977
4.96561039063071,2.5920275370115977
4.97139816473624,2.595931439939338
4.977185938841771,2.5998353428670784
4.977185938841771,2.5998353428670784
4.977185938841771,2.5998353428670784
4.9829737129473015,2.6037392457948187
4.988761487052832,2.607643148722559
4.988761487052832,2.607643148722559
4.9945492611583635,2.6115470516503
4.9945492611583635,2.6115470516503
5.000337035263894,2.61545095457804
5.000337035263894,2.61545095457804
5.0061248093694255,2.619354857505781
5.0090355830605695,2.621281456583857
5.0119463567517135,2.6232080556619333
5.0148571304428575,2.6251346547400094
5.0177679041340015,2.627061253818086
5.0235894515162896,2.6309144519742387
5.026500225207434,2.632841051052315
5.026500225207434,2.632841051052315
5.03235525030752,2.6366433488106735
5.035266023998664,2.63856994788875
5.038176797689808,2.6404965469668262
5.041087571380952,2.642423146044903
5.043998345072097,2.64434974512298
5.049853370172184,2.6481520428813385
5.049853370172184,2.6481520428813385
5.055708395272272,2.6519543406396977
5.055708395272272,2.6519543406396977
5.06156342037236,2.655756638398057
5.0645073745287235,2.657632144040257
5.067451328685087,2.6595076496824572
5.073306353785174,2.663309947440816
5.076250307941538,2.665185453083016
5.079194262097902,2.6670609587252163
5.0821382162542665,2.668936464367417
5.088026124566996,2.672687475651818
5.09097007872336,2.6745629812940184
5.09097007872336,2.6745629812940184
5.093914032879724,2.6764384869362186
5.099801941192451,2.680189498220619
5.105722433789731,2.683889032592865
5.105722433789731,2.683889032592865
5.108666387946096,2.6857645382350657
5.11161034210246,2.687640043877266
5.117530834699739,2.6913395782495115
5.117530834699739,2.6913395782495115
5.123451327297019,2.6950391126217577
5.129371819894299,2.698738646994004
5.129371819894299,2.698738646994004
5.132348057758929,2.700562487903141
5.135324295623558,2.7023863288122785
5.141244788220838,2.7060858631845246
5.141244788220838,2.7060858631845246
5.144221026085469,2.707909704093662
5.147197263950099,2.7097335450027993
5.1531497396793595,2.713381226821074
5.1531497396793595,2.713381226821074
5.1590702322766395,2.71708076119332
5.1590702322766395,2.71708076119332
5.165022708005899,2.7207284430115948
5.170975183735158,2.7243761248298695
5.170975183735158,2.7243761248298695
5.173951421599789,2.726199965739007
5.179903897329049,2.7298476475572815
5.179903897329049,2.7298476475572815
5.185888053984123,2.733443291629407
5.185888053984123,2.733443291629407
5.191872210639197,2.7370389357015323
5.194848448503827,2.73886277661067
5.197824686368457,2.7406866175198075
5.197824686368457,2.7406866175198075
5.2038088430235305,2.7442822615919327
5.209792999678604,2.7478779056640583
5.209792999678604,2.7478779056640583
5.215777156333678,2.7514735497361835
5.218784771315688,2.7532451703526486
5.221792386297699,2.755016790969114
5.224800001279711,2.7567884115855796
5.227807616261721,2.7585600322020447
5.233791772916795,2.7621556762741704
5.236799387898805,2.7639272968906354
5.236799387898805,2.7639272968906354
5.242845385779586,2.7674179553946243
5.245853000761597,2.76918957601109
5.248860615743609,2.7709611966275554
5.25490661362439,2.774451855131544
5.25490661362439,2.774451855131544
5.26095261150517,2.7779425136355322
5.26095261150517,2.7779425136355322
5.263960226487181,2.7797141342519978
5.266967841469191,2.781485754868463
5.273013839349972,2.7849764133724517
5.273013839349972,2.7849764133724517
5.2790598372307524,2.78846707187644
5.2820979131814845,2.7901859325474314
5.2851359891322165,2.7919047932184227
5.2851359891322165,2.7919047932184227
5.2911819870129975,2.7953954517224116
5.297227984893778,2.7988861102264004
5.297227984893778,2.7988861102264004
5.3002660608445105,2.8006049708973917
5.3033041367952425,2.802323831568383
5.3093802886967065,2.8057615529103654
5.3093802886967065,2.8057615529103654
5.312418364647439,2.807480413581357
5.318524362084404,2.810865023228814
5.324630359521368,2.8142496328762707
5.324630359521368,2.8142496328762707
5.3276684354721,2.815968493547262
5.330706511422833,2.8176873542182537
5.336782663324299,2.821125075560237
5.336782663324299,2.821125075560237
5.342888660761264,2.8245096852076936
5.342888660761264,2.8245096852076936
5.348994658198229,2.82789429485515
5.3551006556351926,2.8312789045026068
5.3551006556351926,2.8312789045026068
5.361235878619372,2.8346100587904197
5.36430349011146,2.8362756359343257
5.36737110160355,2.837941213078232
5.370438713095639,2.8396067902221382
5.376573936079817,2.8429379445099507
5.3796415475719055,2.8446035216538568
5.382709159063994,2.846269098797763
5.385776770556083,2.847934675941669
5.3888443820481715,2.849600253085575
5.39500851909535,2.8528777828916136
5.39500851909535,2.8528777828916136
5.398076130587439,2.85454336003552
5.407307879126707,2.8594864669854654
5.407307879126707,2.8594864669854654
5.410404091735975,2.8610982532513534
5.413500304345244,2.862710039517242
5.419664441392423,2.8659875693232806
5.419664441392423,2.8659875693232806
5.425828578439602,2.8692650991293194
5.425828578439602,2.8692650991293194
5.43202100365814,2.8724886716610962
5.435117216267408,2.874100457926984
5.438213428876677,2.875712244192872
5.441309641485946,2.8773240304587606
5.444405854095214,2.8789358167246486
5.447502066704482,2.8805476029905366
5.453722465706017,2.8837170545878283
5.453722465706017,2.8837170545878283
5.459970206886205,2.886832063432148
5.459970206886205,2.886832063432148
5.4630940774763,2.888389567854308
5.466217948066394,2.8899470722764677
5.472465689246581,2.893062081120787
5.475589559836675,2.8946195855429466
5.475589559836675,2.8946195855429466
5.481864325998772,2.897679993485832
5.4881390921608695,2.9007404014287173
5.4881390921608695,2.9007404014287173
5.4881390921608695,2.9007404014287173
5.494413858322966,2.903800809371602
5.500688624485063,2.906861217314487
5.500688624485063,2.906861217314487
5.503839201494738,2.9083639654619837
5.506989778504415,2.9098667136094805
5.513264544666511,2.9129271215523653
5.513264544666511,2.9129271215523653
5.516415121676187,2.914429869699862
5.5227162756955375,2.9174353659948546
5.5227162756955375,2.9174353659948546
5.529043497663639,2.920385798053427
5.529043497663639,2.920385798053427
5.535370719631741,2.9233362301119996
5.538547043364721,2.9247837642331898
5.541723367097701,2.92623129835438
5.544899690830681,2.92767883247557
5.55125233829664,2.9305739007179503
5.55442866202962,2.9320214348391405
5.5576049857626,2.9334689689603306
5.5576049857626,2.9334689689603306
5.563982736203601,2.9363085264044035
5.570360486644602,2.939148083848476
5.570360486644602,2.939148083848476
5.576738237085603,2.941987641292549
5.579939340002908,2.9433795204545166
5.583140442920214,2.9447713996164846
5.586341545837518,2.946163278778452
5.589542648754823,2.9475551579404202
5.595944854589434,2.9503389162643563
5.599145957506739,2.9517307954263243
5.599145957506739,2.9517307954263243
5.6055722936960715,2.9544586132991926
5.611998629885404,2.957186431172061
5.611998629885404,2.957186431172061
5.615223536900077,2.9585222313949306
5.618448443914749,2.9598580316178005
5.621673350929421,2.96119383184067
5.624898257944093,2.9625296320635393
5.628123164958764,2.9638654322864086
5.628123164958764,2.9638654322864086
5.634596129372174,2.9664806796683236
5.637821036386846,2.9678164798911935
5.641045943401518,2.969152280114063
5.641045943401518,2.969152280114063
5.647518907814926,2.971767527495978
5.650766636589048,2.9730468418820606
5.65401436536317,2.9743261562681433
5.657262094137293,2.9756054706542265
5.660509822911416,2.9768847850403093
5.663757551685538,2.978164099426392
5.66700528045966,2.979443413812475
5.673500738007903,2.9820020425846403
5.676748466782025,2.983281356970723
5.676748466782025,2.983281356970723
5.6832660876918455,2.9857832372319977
5.6832660876918455,2.9857832372319977
5.689783708601666,2.9882851174932723
5.693053269845592,2.9895075563510134
5.696322831089518,2.9907299952087545
5.699592392333445,2.991952434066496
5.702861953577371,2.993174872924237
5.709401076065224,2.9956197506397197
5.709401076065224,2.9956197506397197
5.7126706373091505,2.996842189497461
5.7192309293849135,2.999229940541131
5.7192309293849135,2.999229940541131
5.725791221460677,3.0016176915848014
5.7323515135364405,3.0040054426284715
5.7323515135364405,3.0040054426284715
5.735641911310143,3.0051706335911534
5.738932309083846,3.0063358245538354
5.7422227068575475,3.007501015516517
5.7488236717707375,3.0097739100104843
5.7488236717707375,3.0097739100104843
5.755424636683928,3.012046804504452
5.758715034457631,3.013211995467134
5.762005432231333,3.0143771864298157
5.762005432231333,3.0143771864298157
5.768606397144523,3.016650080923783
5.775207362057714,3.018922975417751
5.775207362057714,3.018922975417751
5.778517594074155,3.0200305635569182
5.781827826090597,3.0211381516960856
5.788448290123481,3.0233533279744202
5.791758522139923,3.0244609161135876
5.791758522139923,3.0244609161135876
5.798398149172682,3.026618261712171
5.805037776205441,3.0287756073107546
5.805037776205441,3.0287756073107546
5.8083668341358825,3.0298252552443308
5.811695892066325,3.0308749031779074
5.818354007927209,3.0329741990450603
5.818354007927209,3.0329741990450603
5.824993634959968,3.0351315446436438
5.82832269289041,3.03618119257722
5.834998959548025,3.0382223321320523
5.834998959548025,3.0382223321320523
5.834998959548025,3.0382223321320523
5.841675226205639,3.040263471686884
5.845022095986786,3.0412548596819406
5.848368965767934,3.0422462476769976
5.851715835549081,3.043237635672054
5.858409575111376,3.0452204116621675
5.858409575111376,3.0452204116621675
5.865120447738347,3.0471447234223663
5.865120447738347,3.0471447234223663
5.871814187300642,3.0491274994124797
5.871814187300642,3.0491274994124797
5.878525059927614,3.051051811172679
5.878525059927614,3.051051811172679
5.88859959469748,3.0539089490030276
5.891963256840375,3.0548417750731773
5.895326918983271,3.055774601143327
5.895326918983271,3.055774601143327
5.902070353382787,3.0575814989448897
5.908813787782303,3.0593883967464524
5.908813787782303,3.0593883967464524
5.9155572221818185,3.061195294548015
5.918936652082389,3.062069274545401
5.92231608198296,3.0629432545427866
5.92569551188353,3.0638172345401724
5.9290749417841,3.064691214537558
5.9324543716846705,3.065565194534944
5.939228313741289,3.067254127979296
5.939228313741289,3.067254127979296
5.946002255797906,3.0689430614236484
5.949396424049068,3.069757929125496
5.952790592300229,3.070572796827344
5.952790592300229,3.070572796827344
5.959564534356846,3.072261730271696
5.962958702608007,3.073076597973544
5.9663528708591675,3.0738914656753917
5.969747039110329,3.0747063333772395
5.97314120736149,3.0755212010790873
5.9765353756126505,3.076336068780935
5.983337761918,3.0779065234025884
5.983337761918,3.0779065234025884
5.990153507328443,3.0794175377820165
5.993561380033664,3.0801730449717306
5.996969252738885,3.0809285521614447
5.996969252738885,3.0809285521614447
6.003784998149328,3.082439566540873
6.007192870854549,3.083195073730587
6.007192870854549,3.083195073730587
6.014021629335865,3.08464657115385
6.014021629335865,3.08464657115385
6.0208503878171795,3.0860980685771136
6.0208503878171795,3.0860980685771136
6.027679146298494,3.087549566000377
6.031099685386737,3.0882454825431487
6.03452022447498,3.0889413990859205
6.037940763563222,3.0896373156286923
6.041361302651465,3.090333232171464
6.044781841739708,3.091029148714236
6.051634892291004,3.092361246798933
6.051634892291004,3.092361246798933
6.058487942842301,3.0936933448836306
6.058487942842301,3.0936933448836306
6.065340993393598,3.095025442968328
6.065340993393598,3.095025442968328
6.072194043944894,3.0963575410530253
6.075626207486816,3.0969936549659343
6.079058371028738,3.0976297688788432
6.0824905345706615,3.098265882791752
6.0824905345706615,3.098265882791752
6.089365789686353,3.0994781757679024
6.096241044802045,3.100690468744053
6.096241044802045,3.100690468744053
6.1065692723780645,3.102418821293811
6.110012014903404,3.102994938810397
6.113454757428744,3.1035710563269827
6.116897499954084,3.1041471738435686
6.120340242479424,3.1047232913601546
6.127235607890202,3.105815409951574
6.127235607890202,3.105815409951574
6.134130973300979,3.106907528542993
6.137583246117012,3.1074234741722795
6.144496621427774,3.108395085709065
6.147948894243807,3.1089110313383514
6.1514011670598405,3.109426976967638
6.158314542370603,3.1103985885044234
6.158314542370603,3.1103985885044234
6.161775293881587,3.1108542050843737
6.168696796903554,3.1117654382442743
6.175626076233212,3.11261624676414
6.175626076233212,3.11261624676414
6.182555355562868,3.1134670552840054
6.186023531590366,3.1138622040293957
6.192966604213306,3.114591950367824
6.192966604213306,3.114591950367824
6.1999096768362465,3.115321696706252
6.206852749459187,3.11605144304468
6.206852749459187,3.11605144304468
6.213795822082127,3.1167811893831083
6.217270366186127,3.1171157499278026
6.2242251171751715,3.1177242117969897
6.2242251171751715,3.1177242117969897
6.227704970975878,3.1179980822306055
6.231184824776584,3.1182719526642213
6.238144532377997,3.118819693531453
6.241624386178704,3.1190935639650688
6.241624386178704,3.1190935639650688
6.248588697049329,3.119580556021635
6.252072800549565,3.1197936529205847
6.255556904049802,3.1200067498195345
6.255556904049802,3.1200067498195345
6.259041007550038,3.1202198467184843
6.266009214550512,3.120646040516384
6.272980963906162,3.1210114144178314
6.272980963906162,3.1210114144178314
6.272980963906162,3.1210114144178314
6.27995554772234,3.12131593132364
6.283442839630429,3.1214681897765444
6.286930131538518,3.1216204482294487
6.290417423446606,3.121772706682353
6.297394487624891,3.122016351132252
6.297394487624891,3.122016351132252
6.300883905677935,3.122107724759711
6.304373323730978,3.12219909838717
6.311352159837065,3.122381845642088
6.311352159837065,3.122381845642088
6.314841577890108,3.1224732192695472
6.321820413996194,3.1226559665244653
6.328800667715776,3.122777807306356
6.328800667715776,3.122777807306356
6.3322911490032325,3.1228082682750777
6.339272111578147,3.122869190212521
6.342762592865603,3.1228996511812426
6.34625307415306,3.122930112149964
6.34625307415306,3.122930112149964
6.353234036727974,3.122869190212521
6.35672451801543,3.1228387292437993
6.360214999302887,3.1228082682750777
6.363705480590343,3.122777807306356
6.370685734309925,3.1226559665244653
6.370685734309925,3.1226559665244653
6.3776659880295075,3.1225341257425745
6.3776659880295075,3.1225341257425745
6.384644824135594,3.1223513784876564
6.388134242188637,3.1222600048601974
6.388134242188637,3.1222600048601974
6.395111306366922,3.1220163604102984
6.402088370545207,3.1217727159603994
6.402088370545207,3.1217727159603994
6.405575662453296,3.121620457507495
6.409062954361384,3.1214681990545907
6.412550246269473,3.1213159406016864
6.416037538177561,3.121163682148782
6.419524830085651,3.1210114236958777
6.4230121219937395,3.1208591652429734
6.426499413901828,3.120706906790069
6.433471163257479,3.1203415328886215
6.436955266757715,3.1201284359896717
6.436955266757715,3.1201284359896717
6.443923473758188,3.119702242191772
6.447407577258424,3.1194891452928224
6.4508916807586605,3.1192760483938726
6.4508916807586605,3.1192760483938726
6.457855991629286,3.1187890563373064
6.461335845429992,3.1185151859036906
6.464815699230698,3.1182413154700748
6.468295553031405,3.117967445036459
6.475255260632818,3.1174197041692273
6.475255260632818,3.1174197041692273
6.482210011621863,3.1168112423000403
6.485684555725863,3.1164766817553455
6.489159099829862,3.1161421212106513
6.4926336439338606,3.115807560665957
6.4926336439338606,3.115807560665957
6.499576716556801,3.115077814327529
6.506519789179742,3.1143480679891007
6.506519789179742,3.1143480679891007
6.50998796520724,3.1139529192437103
6.516924317262237,3.1131626217529296
6.516924317262237,3.1131626217529296
6.523853596591893,3.112311813233064
6.523853596591893,3.112311813233064
6.53078287592155,3.1114610047131985
6.5342436274325335,3.1110053881332482
6.5342436274325335,3.1110053881332482
6.5411570027432955,3.1100337765964627
6.5480703780540574,3.1090621650596773
6.5515226508700914,3.1085462194303908
6.5515226508700914,3.1085462194303908
6.55841801628087,3.1074541008389716
6.565313381691647,3.1063619822475523
6.5687561242169865,3.1057858647309664
6.5687561242169865,3.1057858647309664
6.5756313793326795,3.1045735717548157
6.582506634448371,3.1033612787786655
6.582506634448371,3.1033612787786655
6.585938797990293,3.1027251648657566
6.592791848541589,3.101393066781059
6.599644899092885,3.100060968696362
6.599644899092885,3.100060968696362
6.603065438181128,3.09936505215359
6.6098941966624425,3.0979135547303267
6.616722955143758,3.0964620573070634
6.616722955143758,3.0964620573070634
6.620130827848979,3.0957065501173493
6.620130827848979,3.0957065501173493
6.626933214154329,3.094136095495696
6.633735600459678,3.0925656408740427
6.633735600459678,3.0925656408740427
6.637129768710839,3.091750773172195
6.64391810521316,3.0901210377684993
6.64391810521316,3.0901210377684993
6.650692047269778,3.088432104324147
6.654071477170349,3.0875581243267614
6.65745090707092,3.0866841443293755
6.66083033697149,3.08581016433199
6.66083033697149,3.08581016433199
6.66758919677263,3.0840622043372194
6.66758919677263,3.0840622043372194
6.674332631172145,3.082255306535657
6.674332631172145,3.082255306535657
6.684407165942013,3.0793981687053074
6.684407165942013,3.0793981687053074
6.687754035723161,3.0784067807102504
6.6911009055043085,3.077415392715194
6.697776833215897,3.0753743567865612
6.701105891146339,3.074324708852985
6.704434949076782,3.0732750609194084
6.704434949076782,3.0732750609194084
6.7110745761095405,3.0711177153208244
6.7177142031423,3.0689603697222405
6.7177142031423,3.0689603697222405
6.7177142031423,3.0689603697222405
6.724353830175059,3.0668030241236566
6.727664062191501,3.0656954359844892
6.730974294207942,3.064587847845322
6.734284526224384,3.0634802597061546
6.740904990257268,3.06126508342782
6.740904990257268,3.06126508342782
6.740904990257268,3.06126508342782
6.747505955170458,3.0589921889338525
6.754106920083648,3.056719294439885
6.754106920083648,3.056719294439885
6.757397317857349,3.0555541034772036
6.760687715631051,3.054388912514522
6.763978113404754,3.05322372155184
6.770538405480518,3.0508359705081696
6.770538405480518,3.0508359705081696
6.777098697556281,3.0484482194644995
6.780368258800207,3.047225780606758
6.783637820044134,3.046003341749017
6.78690738128806,3.044780902891276
6.7901769425319864,3.0435584640335347
6.793446503775913,3.0423360251757936
6.799964124685733,3.039834144914519
6.799964124685733,3.039834144914519
6.806481745595553,3.0373322646532444
6.809729474369675,3.0360529502671616
6.812977203143798,3.034773635881079
6.81622493191792,3.033494321494996
6.822697896331328,3.030879074113081
6.825922803346001,3.0295432738902117
6.829147710360672,3.0282074736673423
6.832372617375344,3.026871673444473
6.838798953564678,3.0241438555716043
6.842000056481983,3.022751976409636
6.845201159399288,3.021360097247668
6.8484022623165925,3.0199682180857
6.854804468151203,3.0171844597617645
6.854804468151203,3.0171844597617645
6.861182218592204,3.0143449023176916
6.861182218592204,3.0143449023176916
6.867534866058164,3.0114498340753113
6.870711189791144,3.010002299954121
6.8738875135241235,3.008554765832931
6.877063837257103,3.007107231711741
6.883391059225205,3.0041567996531686
6.883391059225205,3.0041567996531686
6.889718281193306,3.0012063675945964
6.889718281193306,3.0012063675945964
6.896019435212657,2.9982008712996038
6.899170012222332,2.9966981231521075
6.899170012222332,2.9966981231521075
6.905444778384429,2.993637715209222
6.908568648974523,2.9920802107870625
6.9116925195646175,2.9905227063649025
6.914816390154711,2.988965201942743
6.917940260744805,2.987407697520583
6.921064131334899,2.9858501930984236
6.9272845303364345,2.9826807415011314
6.9272845303364345,2.9826807415011314
6.930380742945703,2.9810689552352434
6.93657316816424,2.977845382703467
6.939669380773508,2.976233596437579
6.942765593382776,2.974621810171691
6.942765593382776,2.974621810171691
6.948929730429955,2.971344280365652
6.955093867477133,2.968066750559613
6.955093867477133,2.968066750559613
6.964267476406188,2.9630165637682495
6.964267476406188,2.9630165637682495
6.970373473843152,2.959631954120793
6.970373473843152,2.959631954120793
6.976449625744616,2.9561942327788104
6.979487701695348,2.954475372107819
6.98252577764608,2.952756511436828
6.985563853596812,2.9510376507658367
6.991609851477593,2.9475469922618482
6.991609851477593,2.9475469922618482
6.994617466459603,2.945775371645383
6.997625081441614,2.944003751028918
7.000632696423624,2.942232130412453
7.0066168530786985,2.9386364863403274
7.012601009733773,2.9350408422682017
7.015577247598403,2.9332170013590644
7.015577247598403,2.9332170013590644
7.018553485463032,2.931393160449927
7.021529723327663,2.9295693195407893
7.027450215924942,2.9258697851685436
7.027450215924942,2.9258697851685436
7.033370708522223,2.9221702507962966
7.033370708522223,2.9221702507962966
7.036314662678587,2.9202947451540964
7.042202570991314,2.916543733869696
7.048057596091402,2.912741436111337
7.048057596091402,2.912741436111337
7.050968369782546,2.9108148370332603
7.056789917164834,2.9069616388771076
7.056789917164834,2.9069616388771076
7.062577691270365,2.9030577359493672
7.062577691270365,2.9030577359493672
7.068365465375896,2.8991538330216264
7.071242171951956,2.8971767273684166
7.074118878528015,2.8951996217152067
7.076995585104076,2.8932225160619964
7.082714345202989,2.889218197131524
7.082714345202989,2.889218197131524
7.088433105301903,2.8852138782010517
7.088433105301903,2.8852138782010517
7.094116631678474,2.881159858235434
7.09695839486676,2.879132848252625
7.09695839486676,2.879132848252625
7.102606398969332,2.8750293330737575
7.105412353141247,2.8729530362082265
7.108218307313162,2.8708767393426955
7.111024261485078,2.8688004424771645
7.116599789154546,2.864598981020376
7.116599789154546,2.864598981020376
7.1193690795892675,2.862474029732262
7.122138370023989,2.8603490784441483
7.127676950893432,2.8560991758679206
7.130446241328154,2.853974224579806
7.130446241328154,2.853974224579806
7.135947594204778,2.849676096650959
7.1386793773496136,2.847503138221009
7.1414111604944495,2.845330179791058
7.144142943639285,2.8431572213611083
7.144142943639285,2.8431572213611083
7.152261889685025,2.836543432544007
7.1549553334123654,2.8343231288764086
7.1576487771397055,2.83210282520881
7.1576487771397055,2.83210282520881
7.162996776239319,2.827615321136788
7.165651060100113,2.8253483485575464
7.168305343960906,2.823081375978305
7.170959627821699,2.820814403399064
7.176268195543287,2.816280458240581
7.176268195543287,2.816280458240581
7.181537062371779,2.8117003021832527
7.184151377845449,2.8093873512341774
7.1893800087927895,2.8047614493360262
7.1893800087927895,2.8047614493360262
7.191953559533517,2.8024032245643817
7.194527110274245,2.8000449997927372
7.199674211755701,2.7953285502494474
7.2022477624964285,2.792970325477803
7.2022477624964285,2.792970325477803
7.207353574532389,2.788209078727286
7.209885576611689,2.7858062984711824
7.214907515794309,2.780956668174763
7.214907515794309,2.780956668174763
7.214907515794309,2.780956668174763
7.219929454976928,2.776107037878344
7.224951394159547,2.7712574075819254
7.224951394159547,2.7712574075819254
7.227441076305057,2.7688108037515042
7.2323776129030115,2.7638742671535503
7.2323776129030115,2.7638742671535503
7.234824216733432,2.7613845850080403
7.2396738470298505,2.7563626458254213
7.242120450860272,2.753872963679911
7.244567054690693,2.7513832815344004
7.244567054690693,2.7513832815344004
7.249372615202899,2.746319277375801
7.251775395459003,2.7437872752965013
7.254178175715106,2.7412552732172015
7.256580955971209,2.7387232711379017
7.261342202721727,2.7336174591019398
7.263700427493372,2.7310439083612117
7.263700427493372,2.7310439083612117
7.268371840376103,2.725855778751716
7.273043253258835,2.72066764914222
7.273043253258835,2.72066764914222
7.277669155156986,2.7154390181948798
7.277669155156986,2.7154390181948798
7.279982106106062,2.7128247027212096
7.284562262163391,2.7075558358927174
7.284562262163391,2.7075558358927174
7.289142418220719,2.7022869690642253
7.29140939079996,2.699632685203432
7.29140939079996,2.699632685203432
7.295896894871983,2.6942846861038188
7.295896894871983,2.6942846861038188
7.302604702611603,2.6862432432768655
7.302604702611603,2.6862432432768655
7.306998187761106,2.6808177409584655
7.306998187761106,2.6808177409584655
7.311344104621007,2.6753541746687937
7.313517063050957,2.672622391523958
7.315690021480908,2.669890608379122
7.317862979910858,2.6671588252342855
7.319987931198972,2.6643895347995636
7.322112882487087,2.661620244364842
7.324237833775201,2.65885095393012
7.324237833775201,2.65885095393012
7.328439295231989,2.653275426260652
7.332640756688776,2.6476998985911844
7.334717053554307,2.6448939444192696
7.336793350419838,2.642087990247354
7.338869647285369,2.639282036075439
7.338869647285369,2.639282036075439
7.3409459441509,2.6364760819035244
7.3471257561952985,2.6280221236290378
7.3471257561952985,2.6280221236290378
7.349152766178107,2.6251803604407526
7.349152766178107,2.6251803604407526
7.35315708510858,2.6194616003418374
7.3571614040390525,2.6137428402429235
7.3571614040390525,2.6137428402429235
7.359138509692262,2.610866133666864
7.363092720998682,2.605112720514745
7.363092720998682,2.605112720514745
7.366996623926423,2.599324946409214
7.366996623926423,2.599324946409214
7.370900526854163,2.5935371723036833
7.372827125932239,2.5906263986125397
7.374753725010315,2.587715624921396
7.376680324088392,2.5848048512302517
7.380482621846751,2.578949826130165
7.382358127488951,2.5760058719738006
7.382358127488951,2.5760058719738006
7.386057661861197,2.5700853793765215
7.389757196233444,2.5641648867792406
7.391581037142581,2.5611886489146105
7.391581037142581,2.5611886489146105
7.395176681214706,2.5552044922595374
7.398772325286832,2.5492203356044634
7.400543945903298,2.5462127206224525
7.400543945903298,2.5462127206224525
7.402315566519763,2.5432051056404417
7.407577845640218,2.53415149277765
7.407577845640218,2.53415149277765
7.40929670631121,2.5311134168269174
7.4110155669822015,2.528075340876184
7.412734427653193,2.5250372649254516
7.41611903730065,2.5189312674884867
7.41611903730065,2.5189312674884867
7.419503646948106,2.512825270051522
7.421169224092012,2.509757658559433
7.422834801235918,2.5066900470673437
7.424500378379825,2.5036224355752537
7.427723950911602,2.4974300103567164
7.429335737177491,2.494333797747448
7.429335737177491,2.494333797747448
7.432505188774782,2.4881133987459125
7.4340626931969425,2.4849895281558187
7.4356201976191025,2.481865657565725
7.437177702041263,2.478741786975631
7.438680450188759,2.475591209965956
7.4416859464837515,2.469290055946605
7.4416859464837515,2.469290055946605
7.444636378542324,2.462962833978504
7.444636378542324,2.462962833978504
7.447531446784704,2.456610186512544
7.448978980905895,2.4534338627795638
7.448978980905895,2.4534338627795638
7.4518185383499675,2.4470561123385632
7.453210417511936,2.443855009421258
7.454602296673904,2.440653906503953
7.455994175835872,2.437452803586648
7.455994175835872,2.437452803586648
7.460057793931609,2.427801560382642
7.460057793931609,2.427801560382642
7.462673041313525,2.4213285959692326
7.462673041313525,2.4213285959692326
7.46528828869544,2.414855631555823
7.466567603081523,2.411607902781701
7.466567603081523,2.411607902781701
7.469069483342797,2.405090281871882
7.470291922200539,2.401820720627956
7.47151436105828,2.39855115938403
7.472736799916022,2.395281598140103
7.472736799916022,2.395281598140103
7.475124550959692,2.388721306064339
7.476289741922374,2.385430908290637
7.477454932885055,2.3821405105169347
7.478620123847737,2.3788501127432324
7.480835300126071,2.3722296487103494
7.4819428882652375,2.368919416693908
7.4819428882652375,2.368919416693908
7.484100233863821,2.3622797896611476
7.485149881797398,2.3589507317307055
7.4871910213522295,2.3522744650730907
7.4871910213522295,2.3522744650730907
7.488182409347286,2.3489275952919435
7.490106721107485,2.342216722664973
7.490106721107485,2.342216722664973
7.492031032867684,2.3355058500380013
7.492963858937833,2.332142187895106
7.493896685007983,2.3287785257522104
7.494829511078133,2.325414863609315
7.495703491075519,2.3220354337087445
7.49745145107029,2.3152765739076027
7.49745145107029,2.3152765739076027
7.498266318772138,2.3118824056564424
7.499081186473985,2.308488237405282
7.500710921877681,2.301699900902961
7.501525789579528,2.2983057326518006
7.501525789579528,2.2983057326518006
7.502281296769242,2.2948978599465795
7.50379231114867,2.2880821145361367
7.505243808571933,2.281253356054823
7.505243808571933,2.281253356054823
7.505939725114705,2.2778328169665794
7.507271823199402,2.2709797664152838
7.507271823199402,2.2709797664152838
7.507907937112311,2.26754760287336
7.509120230088461,2.2606723477576676
7.509696347605047,2.257229605232329
7.510272465121633,2.2537868627069884
7.51084858263822,2.250344120181648
7.511364528267507,2.2468918473656143
7.5123964195260795,2.23998730173355
7.5123964195260795,2.23998730173355
7.513368031062865,2.233073926422787
7.513368031062865,2.233073926422787
7.51467445616268,2.2226838955821475
7.51467445616268,2.2226838955821475
7.515069604908071,2.219215719554648
7.515069604908071,2.219215719554648
7.516133911791194,2.2087981028277093
7.516133911791194,2.2087981028277093
7.516742373660381,2.201843351838665
7.516742373660381,2.201843351838665
7.5170162440939965,2.198363498037959
7.517503236150563,2.191399187167333
7.5177163330495125,2.1879150836670966
7.5180817069509605,2.1809433343114466
7.5180817069509605,2.1809433343114466
7.518233965403865,2.1774560424033576
7.518386223856769,2.1739687504952694
7.5186298559371325,2.166992040534138
7.5186298559371325,2.166992040534138
7.518751696719023,2.160011786814555
7.518751696719023,2.160011786814555
7.5187821576877445,2.149539988519121
7.5187821576877445,2.149539988519121
7.518751696719023,2.146049507231664
7.518660323091564,2.1425600891786214
7.518416678641665,2.135583025000336
7.5182644201887605,2.132095733092248
7.5178990462873125,2.125123983736598
7.5178990462873125,2.125123983736598
