0.0,0.0
0.0,0.0
0.0,0.0
0.0,0.0
0.0,0.0
0.0,0.0
0.0,0.0
0.0,0.0
0.0,0.0
0.0,0.0
0.0,0.0
0.0,0.0
0.0,0.0
0.0,0.0
0.0,0.0
0.0,0.0
0.0,0.0
0.0,0.0
0.0,0.0
0.0,0.0
0.0,0.0
0.0,0.0
0.0,0.0
0.0,0.0
0.0,0.0
0.0,0.0
0.0,0.0
0.0,0.0
0.0,0.0
0.0,0.0
0.0,0.0
0.0,0.0
0.0,0.0
0.0,0.0
0.0,0.0
0.0,0.0
0.0,0.0
0.0,0.0
0.0,0.0
0.0,0.0
0.0,0.0
0.0,0.0
0.0,0.0
0.0,0.0
0.0,0.0
0.0,0.0
0.0,0.0
0.0,0.0
0.0,0.0
0.0,0.0
0.0,0.0
0.0,0.0
0.0,0.0
0.0,0.0
0.0,0.0
0.0,0.0
0.0,0.0
0.0,0.0
0.0,0.0
0.0,0.0
0.0,0.0
0.0,0.0
0.0,0.0
0.0,0.0
0.0,0.0
0.0,0.0
0.0,0.0
0.0,0.0
0.0,0.0
0.0,0.0
0.0,0.0
0.0,0.0
0.0,0.0
0.0,0.0
0.0,0.0
0.0,0.0
0.0,0.0
0.0,0.0
0.0,0.0
0.0,0.0
0.0,0.0
0.0,0.0
0.0,0.0
0.0,0.0
0.0,0.0
0.0,0.0
0.0,0.0
0.0,0.0
0.0,0.0
0.0,0.0
0.0,0.0
0.0,0.0
0.0,0.0
0.0,0.0
0.0,0.0
0.0,0.0
0.0,0.0
0.0,0.0
0.0,0.0
0.0,0.0
0.0,0.0
0.0,0.0
0.0,0.0
0.0,0.0
0.0,0.0
0.0,0.0
0.0,0.0
0.0,0.0
0.0,0.0
0.0,0.0
0.0,0.0
0.0,0.0
0.0,0.0
0.0,0.0
0.0,0.0
0.0,0.0
0.0,0.0
0.0,0.0
0.0,0.0
0.0,0.0
0.0,0.0
0.0,0.0
0.0,0.0
0.0,0.0
0.0,0.0
0.0,0.0
0.0,0.0
0.0,0.0
0.0,0.0
0.0,0.0
0.0,0.0
0.0,0.0
0.0,0.0
0.0,0.0
0.0,0.0
0.0,0.0
0.0,0.0
0.0,0.0
0.0,0.0
0.0,0.0
0.0,0.0
0.0,0.0
0.0,0.0
0.0,0.0
0.0,0.0
0.0,0.0
0.0,0.0
0.0,0.0
0.0,0.0
0.0,0.0
0.0,0.0
0.0,0.0
0.0,0.0
0.0,0.0
0.0,0.0
0.0,0.0
0.0,0.0
0.0,0.0
0.0,0.0
0.0,0.0
0.0,0.0
0.0,0.0
0.0,0.0
0.0,0.0
0.0,0.0
0.0,0.0
0.0,0.0
0.0,0.0
0.0,0.0
0.0,0.0
0.0,0.0
0.0,0.0
0.0,0.0
0.0,0.0
0.0,0.0
0.0,0.0
0.0,0.0
0.0,0.0
0.0,0.0
0.0,0.0
0.0,0.0
0.0,0.0
0.0,0.0
0.0,0.0
0.0,0.0
0.0,0.0
0.0,0.0
0.0,0.0
0.0,0.0
0.0,0.0
0.0,0.0
0.0,0.0
0.0,0.0
0.0,0.0
0.0,0.0
0.0,0.0
0.0,0.0
0.0,0.0
0.0,0.0
0.0,0.0
0.0,0.0
0.0,0.0
0.0,0.0
0.0,0.0
0.0,0.0
0.0,0.0
0.0,0.0
0.0,0.0
0.0,0.0
0.0,0.0
0.0,0.0
0.0,0.0
0.0,0.0
0.0,0.0
0.0,0.0
0.0,0.0
0.0,0.0
0.0,0.0
0.0,0.0
0.0,0.0
0.0,0.0
0.0,0.0
0.0,0.0
0.0,0.0
0.0,0.0
0.0,0.0
0.0,0.0
0.0,0.0
0.0,0.0
0.0,0.0
0.0,0.0
0.0,0.0
0.0,0.0
0.0,0.0
0.0,0.0
0.0,0.0
0.0,0.0
0.0,0.0
0.0,0.0
0.0,0.0
0.0,0.0
0.0,0.0
0.0,0.0
0.0,0.0
0.0,0.0
0.0,0.0
0.0,0.0
0.0,0.0
0.0,0.0
0.0,0.0
0.0,0.0
0.0,0.0
0.0,0.0
0.0,0.0
0.0,0.0
0.0,0.0
0.0,0.0
0.0,0.0
0.0,0.0
0.0,0.0
0.0,0.0
0.0,0.0
0.0,0.0
0.0,0.0
0.0,0.0
0.0,0.0
0.0,0.0
0.0,0.0
0.0,0.0
0.0,0.0
0.0,0.0
0.0,0.0
0.0,0.0
0.0,0.0
0.0,0.0
0.0,0.0
0.0,0.0
0.0,0.0
0.0,0.0
0.0,0.0
0.0,0.0
0.0,0.0
0.0,0.0
0.0,0.0
0.0,0.0
0.0,0.0
0.0,0.0
0.0,0.0
0.0,0.0
0.0,0.0
0.0,0.0
0.0,0.0
0.0,0.0
0.0,0.0
0.0,0.0
0.0,0.0
0.0,0.0
0.0,0.0
0.0,0.0
0.0,0.0
0.0,0.0
0.0,0.0
0.0,0.0
0.0,0.0
0.0,0.0
0.0,0.0
0.0,0.0
0.0,0.0
0.0,0.0
0.0,0.0
0.0,0.0
0.0,0.0
0.0,0.0
0.0,0.0
0.0,0.0
0.0,0.0
0.0,0.0
0.0,0.0
0.0,0.0
0.0,0.0
0.0,0.0
0.0,0.0
0.0,0.0
0.0,0.0
0.0,0.0
0.0,0.0
0.0,0.0
0.0,0.0
0.0,0.0
0.0,0.0
0.0,0.0
0.0,0.0
0.0,0.0
0.0,0.0
0.0,0.0
0.0,0.0
0.0,0.0
0.0,0.0
0.0,0.0
0.0,0.0
0.0,0.0
0.0,0.0
0.0,0.0
0.0,0.0
0.0,0.0
0.0,0.0
0.0,0.0
0.0,0.0
0.0,0.0
0.0,0.0
0.0,0.0
0.0,0.0
0.0,0.0
0.0,0.0
0.0,0.0
0.0,0.0
0.0,0.0
0.0,0.0
0.0,0.0
0.0,0.0
0.0,0.0
0.0,0.0
0.0,0.0
0.0,0.0
0.0,0.0
0.0,0.0
0.0,0.0
0.0,0.0
0.0,0.0
0.0,0.0
0.0,0.0
0.0,0.0
0.0,0.0
0.0,0.0
0.0,0.0
0.0,0.0
0.0,0.0
0.0,0.0
0.0,0.0
0.0,0.0
0.0,0.0
0.0,0.0
0.0,0.0
0.0,0.0
0.0,0.0
0.0,0.0
0.0,0.0
0.0,0.0
0.0,0.0
0.0,0.0
0.0,0.0
0.0,0.0
0.0,0.0
0.0,0.0
0.0,0.0
0.0,0.0
0.0,0.0
0.0,0.0
0.0,0.0
0.0,0.0
0.0,0.0
0.0,0.0
0.0,0.0
0.0,0.0
0.0,0.0
0.0,0.0
0.0,0.0
0.0,0.0
0.0,0.0
0.0,0.0
0.0,0.0
0.0,0.0
0.0,0.0
0.0,0.0
0.0,0.0
0.0,0.0
0.0,0.0
0.0,0.0
0.0,0.0
0.0,0.0
0.0,0.0
0.0,0.0
0.0,0.0
0.0,0.0
0.0,0.0
0.0,0.0
0.0,0.0
0.0,0.0
0.0,0.0
0.0,0.0
0.0,0.0
0.0,0.0
0.0,0.0
0.0,0.0
0.0,0.0
0.0,0.0
0.0,0.0
0.0,0.0
0.0,0.0
0.0,0.0
0.0,0.0
0.0,0.0
0.0,0.0
0.0,0.0
0.0,0.0
0.0,0.0
0.0,0.0
0.0,0.0
0.0,0.0
0.0,0.0
0.0,0.0
0.0,0.0
0.0,0.0
0.0,0.0
0.0,0.0
0.0,0.0
0.0,0.0
0.0,0.0
0.0,0.0
0.0,0.0
0.0,0.0
0.0,0.0
0.0,0.0
0.0,0.0
0.0,0.0
0.0,0.0
0.0,0.0
0.0,0.0
0.0,0.0
0.0,0.0
0.0,0.0
0.0,0.0
0.0,0.0
0.0,0.0
0.0,0.0
0.0,0.0
0.0,0.0
0.0,0.0
0.0,0.0
0.0,0.0
0.0,0.0
0.0,0.0
0.0,0.0
0.0,0.0
0.0,0.0
0.0,0.0
0.0,0.0
0.0,0.0
0.0,0.0
0.0,0.0
0.0,0.0
0.0,0.0
0.0,0.0
0.0,0.0
0.0,0.0
0.0,0.0
0.0,0.0
0.0,0.0
0.0,0.0
0.0,0.0
0.0,0.0
0.0,0.0
0.0,0.0
0.0,0.0
0.0,0.0
0.0,0.0
0.0,0.0
0.0,0.0
0.0,0.0
0.0,0.0
0.0,0.0
0.0,0.0
0.0,0.0
0.0,0.0
0.0,0.0
0.0,0.0
0.0,0.0
0.0,0.0
0.0,0.0
0.0,0.0
0.0,0.0
0.0,0.0
0.0,0.0
0.0,0.0
0.0,0.0
0.0,0.0
0.0,0.0
0.0,0.0
0.0,0.0
0.0,0.0
0.0,0.0
0.0,0.0
0.0,0.0
0.0,0.0
0.0,0.0
0.0,0.0
0.0,0.0
0.0,0.0
0.0,0.0
0.0,0.0
0.0,0.0
0.0,0.0
0.0,0.0
0.0,0.0
0.0,0.0
0.0,0.0
0.0,0.0
0.0,0.0
0.0,0.0
0.0,0.0
0.0,0.0
0.0,0.0
0.0,0.0
0.0,0.0
0.0,0.0
0.0,0.0
0.0,0.0
0.0,0.0
0.0,0.0
0.0,0.0
0.0,0.0
0.0,0.0
0.0,0.0
0.0,0.0
0.0,0.0
0.0,0.0
0.0,0.0
0.0,0.0
0.0,0.0
0.0,0.0
0.0,0.0
0.0,0.0
0.0,0.0
0.0,0.0
0.0,0.0
0.0,0.0
0.0,0.0
0.0,0.0
0.0,0.0
0.0,0.0
0.0,0.0
0.0,0.0
0.0,0.0
0.0,0.0
0.0,0.0
0.0,0.0
0.0,0.0
0.0,0.0
0.0,0.0
0.0,0.0
0.0,0.0
0.0,0.0
0.0,0.0
0.0,0.0
0.0,0.0
0.0,0.0
0.0,0.0
0.0,0.0
0.0,0.0
0.0,0.0
0.0,0.0
0.0,0.0
0.0,0.0
0.0,0.0
0.0,0.0
0.0,0.0
0.0,0.0
0.0,0.0
0.0,0.0
0.0,0.0
0.0,0.0
0.0,0.0
0.0,0.0
0.0,0.0
0.0,0.0
0.0,0.0
0.0,0.0
0.0,0.0
0.0,0.0
0.0,0.0
0.0,0.0
0.0,0.0
0.0,0.0
0.0,0.0
0.0,0.0
0.0,0.0
0.0,0.0
0.0,0.0
0.0,0.0
0.0,0.0
0.0,0.0
0.0,0.0
0.0,0.0
0.0,0.0
0.0,0.0
0.0,0.0
0.0,0.0
0.0,0.0
0.0,0.0
0.0,0.0
0.0,0.0
0.0,0.0
0.0,0.0
0.0,0.0
0.0,0.0
0.0,0.0
0.0,0.0
0.0,0.0
0.0,0.0
0.0,0.0
0.0,0.0
0.0,0.0
0.0,0.0
0.0,0.0
0.0,0.0
0.0,0.0
0.0,0.0
0.0,0.0
0.0,0.0
0.0,0.0
0.0,0.0
0.0,0.0
0.0,0.0
0.0,0.0
0.0,0.0
0.0,0.0
0.0,0.0
0.0034904812874567027,-3.0460968721746086e-05
0.006980962574913405,-6.092193744349217e-05
0.006980962574913405,-6.092193744349217e-05
0.01396192514982681,-0.00012184387488698434
0.01396192514982681,-0.00012184387488698434
0.02094324215780413,-0.00012184387488698434
0.024433723445260833,-0.00015230484360873042
0.027924204732717534,-0.0001827658123304765
0.03490552174069485,-0.0001827658123304765
0.03490552174069485,-0.0001827658123304765
0.04188683874867217,-0.0001827658123304765
0.04886815575664949,-0.0001827658123304765
0.05235863704410619,-0.00015230484360873042
0.05933959961901959,-9.138290616523826e-05
0.0628300809064763,-6.092193744349218e-05
0.06981139791445361,-6.092193744349218e-05
0.07330187920191031,-3.0460968721746093e-05
0.08028284177682371,3.046096872174608e-05
0.08726309549640596,0.00015230175061248664
0.08726309549640596,0.00015230175061248664
0.09424334921598819,0.00027414253250322696
0.10122360293557041,0.0003959833143939668
0.10820385665515264,0.0005178240962847068
0.10820385665515264,0.0005178240962847068
0.11169327470819614,0.0006091977237438083
0.11867211081428312,0.0007919449786620112
0.12564917499256806,0.0010355894285610293
0.12564917499256806,0.0010355894285610293
0.12913859304561154,0.0011269630560201307
0.13262801109865505,0.0012183366834792322
0.13960507527693997,0.0014619811333782505
0.13960507527693997,0.0014619811333782505
0.14658213945522489,0.0017056255832772688
0.15006943136331347,0.0018578840361816546
0.15355672327140205,0.0020101424890860402
0.15355672327140205,0.0020101424890860402
0.16053378744968697,0.0022537869389850584
0.16402107935777555,0.002406045391889444
0.16750837126586413,0.0025583038447938296
0.1709956631739527,0.002710562297698215
0.1709956631739527,0.002710562297698215
0.17448295508204129,0.0028628207506026008
0.17797024699012984,0.0030150792035069864
0.18494199634578043,0.0033804531049546073
0.18494199634578043,0.0033804531049546073
0.1919165801619576,0.0036849700107633786
0.1919165801619576,0.0036849700107633786
0.19888832951760815,0.004050343912210997
0.19888832951760815,0.004050343912210997
0.2058629133337853,0.004354860818019769
0.2093502052418739,0.004507119270924154
0.21283749714996247,0.00465937772382854
0.21283749714996247,0.00465937772382854
0.21980924650561304,0.005024751625276159
0.21980924650561304,0.005024751625276159
0.22678099586126363,0.005390125526723781
0.23375557967744076,0.005694642432532552
0.23724287158552934,0.005846900885436938
0.23724287158552934,0.005846900885436938
0.2442174554017065,0.006151417791245709
0.2546764966654456,0.006669050145597713
0.2546764966654456,0.006669050145597713
0.2616482460210962,0.007034424047045334
0.2616482460210962,0.007034424047045334
0.26513553792918476,0.0071866824999497194
0.27211012174536187,0.007491199405758491
0.2755974136534504,0.007643457858662876
0.2755974136534504,0.007643457858662876
0.28256916300910107,0.008008831760110498
0.28954091236475166,0.008374205661558118
0.28954091236475166,0.008374205661558118
0.29651266172040225,0.008739579563005738
0.29651266172040225,0.008739579563005738
0.3034844110760529,0.00910495346445336
0.3034844110760529,0.00910495346445336
0.3104561604317035,0.00947032736590098
0.3104561604317035,0.00947032736590098
0.3174243674321761,0.009896521163800836
0.3174243674321761,0.009896521163800836
0.3243961167878267,0.010261895065248458
0.3313678661434773,0.01062726896669608
0.3313678661434773,0.01062726896669608
0.3313678661434773,0.01062726896669608
0.3383396154991279,0.010992642868143701
0.3383396154991279,0.010992642868143701
0.3453113648547785,0.011358016769591322
0.3487954683550148,0.01157111366854125
0.3522795718552511,0.011784210567491177
0.3592513212109017,0.012149584468938797
0.3592513212109017,0.012149584468938797
0.3662230705665523,0.012514958370386417
0.3662230705665523,0.012514958370386417
0.3731912775670249,0.012941152168286273
0.3731912775670249,0.012941152168286273
0.3801630269226755,0.013306526069733893
0.3801630269226755,0.013306526069733893
0.3871347762783261,0.013671899971181513
0.3906188797785624,0.013884996870131441
0.3941029832787987,0.014098093769081369
0.397587086779035,0.014311190668031274
0.4045552937795076,0.014737384465931085
0.40803939727974387,0.01495048136488099
0.4115235007799802,0.015163578263830918
0.4115235007799802,0.015163578263830918
0.42197191515084215,0.01586366721934721
0.42545601865107846,0.016076764118297136
0.4289401221513148,0.016289861017247064
0.4324242256515511,0.016502957916196992
0.43938853652217674,0.016989949972763378
0.43938853652217674,0.016989949972763378
0.4463528473928024,0.017476942029329763
0.45331715826342805,0.01796393408589615
0.45331715826342805,0.01796393408589615
0.45331715826342805,0.01796393408589615
0.46028146913405377,0.018450926142462538
0.4672457800046794,0.018937918199028923
0.4672457800046794,0.018937918199028923
0.4742100908753051,0.01942491025559531
0.4742100908753051,0.01942491025559531
0.48117440174593074,0.019911902312161694
0.4846542555466373,0.020185772745777424
0.4881341093473439,0.020459643179393153
0.4881341093473439,0.020459643179393153
0.49509842021796957,0.02094663523595954
0.49857827401867616,0.021220505669575267
0.5020581278193827,0.021494376103190996
0.5055379816200893,0.021768246536806726
0.5124976892215024,0.022315987404038184
0.5124976892215024,0.022315987404038184
0.5194524402105472,0.02292444927322531
0.5194524402105472,0.02292444927322531
0.5264071911995918,0.02353291114241243
0.5264071911995918,0.02353291114241243
0.533366898801005,0.024080652009643936
0.533366898801005,0.024080652009643936
0.5403216497900497,0.02468911387883106
0.5472764007790943,0.025297575748018178
0.5472764007790943,0.025297575748018178
0.5472764007790943,0.025297575748018178
0.5542311517681391,0.0259060376172053
0.5611859027571838,0.026514499486392423
0.5611859027571838,0.026514499486392423
0.5681406537462286,0.027122961355579546
0.5716151978502276,0.027457521900273996
0.5750897419542267,0.027792082444968447
0.5785642860582257,0.028126642989662876
0.5820388301622248,0.028461203534357306
0.5889935811512694,0.029069665403544425
0.5889935811512694,0.029069665403544425
0.5924681252552685,0.029404225948238875
0.599411197878209,0.03013397228666709
0.599411197878209,0.03013397228666709
0.6063602860862071,0.03080309337605597
0.6098348301902061,0.0311376539207504
0.6133093742942052,0.03147221446544483
0.6202524469171455,0.032201960803873025
0.6202524469171455,0.032201960803873025
0.6271955195400859,0.03293170714230123
0.630670063644085,0.033266267686995685
0.634144607748084,0.03360082823169014
0.634144607748084,0.03360082823169014
0.6410876803710245,0.034330574570118344
0.6480307529939648,0.03506032090854654
0.6480307529939648,0.03506032090854654
0.6515052970979639,0.035394881453240996
0.654979841201963,0.03572944199793545
0.658454385305962,0.036064002542629904
0.6619289294099611,0.03639856308732436
0.6688720020329014,0.03712830942575256
0.6688720020329014,0.03712830942575256
0.6758210902408995,0.03779743051514147
0.6758210902408995,0.03779743051514147
0.6827701784488976,0.03846655160453038
0.6827701784488976,0.03846655160453038
0.689713251071838,0.03919629794295858
0.6966563236947784,0.039926044281386776
0.6966563236947784,0.039926044281386776
0.7001308677987774,0.0402606048260812
0.7070799560067756,0.04092972591547011
0.7105545001107747,0.04126428646016456
0.7105545001107747,0.04126428646016456
0.7174975727337151,0.04199403279859276
0.7209721168377141,0.04232859334328719
0.7244466609417132,0.042663153887981614
0.7279212050457122,0.04299771443267604
0.7313957491497113,0.043332274977370494
0.7383448373577094,0.044001396066759374
0.7383448373577094,0.044001396066759374
0.7452879099806499,0.044731142405187586
0.7452879099806499,0.044731142405187586
0.7522309826035902,0.045460888743615785
0.7557055267075893,0.04579544928831021
0.7591800708115883,0.046130009833004665
0.7661291590195864,0.046799130922393545
0.7661291590195864,0.046799130922393545
0.7730722316425268,0.04752887726082174
0.7730722316425268,0.04752887726082174
0.7800153042654672,0.04825862359924994
0.7834898483694663,0.048593184143944396
0.7869643924734655,0.04892774468863885
0.7869643924734655,0.04892774468863885
0.7939074650964059,0.04965749102706705
0.8008505377193462,0.05038723736549524
0.8043250818233453,0.050721797910189666
0.8077996259273444,0.05105635845488412
0.8147487141353426,0.051725479544273
0.8147487141353426,0.051725479544273
0.8182232582393416,0.052060040088967426
0.8216978023433408,0.05239460063366188
0.8286408749662811,0.05312434697209008
0.8321154190702802,0.053458907516784504
0.8321154190702802,0.053458907516784504
0.8390645072782784,0.05412802860617341
0.8460135954862766,0.05479714969556232
0.8494881395902757,0.055131710240256745
0.8529626836942747,0.05546627078495117
0.8564372277982739,0.055800831329645625
0.8633803004212144,0.05653057766807384
0.8633803004212144,0.05653057766807384
0.8668548445252134,0.05686513821276829
0.8738095955142582,0.057473600081955414
0.8772841396182572,0.05780816062664984
0.8807586837222563,0.05814272117134427
0.8842332278262555,0.05847728171603872
0.8877077719302545,0.058811842260733174
0.8946568601382529,0.05948096335012208
0.8946568601382529,0.05948096335012208
0.9016116111272976,0.060089425219309205
0.9050861552312967,0.06042398576400363
0.912029227854237,0.06115373210243182
0.912029227854237,0.06115373210243182
0.9155037719582361,0.06148829264712625
0.9224585229472808,0.06209675451631338
0.9224585229472808,0.06209675451631338
0.9294076111552791,0.06276587560570228
0.9328821552592782,0.0631004361503967
0.9398312434672763,0.06376955723978556
0.9433057875712754,0.06410411778447998
0.9433057875712754,0.06410411778447998
0.9502605385603201,0.06471257965366711
0.9537350826643192,0.06504714019836157
0.9572096267683182,0.06538170074305602
0.9606841708723173,0.06571626128775045
0.9641587149763164,0.06605082183244487
0.9711078031843147,0.06671994292183372
0.9711078031843147,0.06671994292183372
0.9745823472883137,0.06705450346652818
0.9815254199112541,0.06778424980495638
0.9815254199112541,0.06778424980495638
0.9884684925341943,0.06851399614338458
0.9884684925341943,0.06851399614338458
0.9954115651571348,0.0692437424818128
1.0023546377800752,0.069973488820241
1.0023546377800752,0.069973488820241
1.0023546377800752,0.069973488820241
1.0092977104030156,0.0707032351586692
1.0162407830259559,0.0714329814970974
1.0162407830259559,0.0714329814970974
1.0231838556488964,0.07216272783552562
1.0231838556488964,0.07216272783552562
1.0301202077038936,0.07295302532630608
1.0335883837313924,0.07334817407169635
1.0370565597588912,0.07374332281708663
1.0370565597588912,0.07374332281708663
1.0439996323818317,0.07447306915551484
1.0474678084093305,0.07486821790090513
1.0543970877389863,0.0757190264207705
1.0543970877389863,0.0757190264207705
1.0613334397939838,0.07650932391155099
1.0648016158214826,0.07690447265694128
1.0682697918489814,0.07729962140233154
1.0682697918489814,0.07729962140233154
1.0751990711786372,0.07815042992219691
1.0751990711786372,0.07815042992219691
1.0821283505082933,0.07900123844206229
1.0890576298379493,0.07985204696192767
1.0890576298379493,0.07985204696192767
1.0959869091676053,0.08070285548179307
1.0959869091676053,0.08070285548179307
1.1029161884972611,0.08155366400165844
1.1098454678269172,0.08240447252152382
1.1098454678269172,0.08240447252152382
1.1133062193379006,0.08286008910147415
1.1167669708488843,0.08331570568142449
1.1236962501785404,0.08416651420128989
1.1236962501785404,0.08416651420128989
1.1306255295081964,0.08501732272115527
1.1306255295081964,0.08501732272115527
1.1375470325301638,0.08592855588105595
1.1410077840411474,0.0863841724610063
1.1444685355521311,0.08683978904095664
1.1479292870631148,0.08729540562090699
1.1548426623738772,0.08826701715769243
1.1548426623738772,0.08826701715769243
1.158303413884861,0.08872263373764278
1.1617641653958446,0.08917825031759312
1.1686775407066068,0.09014986185437854
1.1686775407066068,0.09014986185437854
1.1755909160173694,0.09112147339116403
1.1755909160173694,0.09112147339116403
1.1825042913281316,0.09209308492794946
1.1825042913281316,0.09209308492794946
1.189417666638894,0.0930646964647349
1.189417666638894,0.0930646964647349
1.1963310419496564,0.09403630800152035
1.1963310419496564,0.09403630800152035
1.2032444172604189,0.09500791953830581
1.206696690076452,0.09552386516759233
1.210148962892485,0.09603981079687884
1.2136012357085182,0.09655575642616536
1.2170535085245513,0.09707170205545188
1.2239668838353135,0.0980433135922373
1.2239668838353135,0.0980433135922373
1.230880259146076,0.09901492512902275
1.230880259146076,0.09901492512902275
1.237784804778142,0.10004681638759577
1.241237077594175,0.10056276201688229
1.2446893504102081,0.1010787076461688
1.2481416232262412,0.10159465327545532
1.2515938960422743,0.10211059890474183
1.2585072713530367,0.1030822104415273
1.2619595441690699,0.10359815607081381
1.2619595441690699,0.10359815607081381
1.2688549095798478,0.10469027466223303
1.272307182395881,0.10520622029151955
1.2792205577066431,0.10617783182830497
1.2792205577066431,0.10617783182830497
1.2826728305226762,0.10669377745759148
1.2895773761547424,0.10772566871616451
1.2930296489707755,0.10824161434545103
1.2964819217868087,0.10875755997473754
1.2999341946028418,0.10927350560402406
1.2999341946028418,0.10927350560402406
1.306838740234908,0.11030539686259709
1.3137432858669742,0.11133728812117012
1.3171955586830073,0.11185323375045664
1.3206478314990404,0.11236917937974315
1.3206478314990404,0.11236917937974315
1.3275523771311064,0.1134010706383162
1.3310046499471395,0.11391701626760274
1.3344569227631724,0.11443296189688924
1.3379091955792053,0.11494890752617574
1.3413614683952384,0.11546485315546226
1.3448137412112715,0.1159807987847488
1.3482660140273046,0.11649674441403532
1.3517182868433377,0.11701269004332183
1.358622832475404,0.11804458130189487
1.358622832475404,0.11804458130189487
1.362075105291437,0.11856052693118138
1.3655273781074702,0.1190764725604679
1.3724319237395364,0.12010836381904093
1.3758841965555695,0.12062430944832744
1.3793364693716024,0.12114025507761395
1.3793364693716024,0.12114025507761395
1.3862410150036684,0.12217214633618696
1.3931363804144463,0.12326426492760618
1.3931363804144463,0.12326426492760618
1.400031745825224,0.12435638351902537
1.4034840186412572,0.12487232914831191
1.4034840186412572,0.12487232914831191
1.40693629145729,0.1253882747775984
1.413831656868068,0.12648039336901762
1.4207270222788457,0.1275725119604368
1.4207270222788457,0.1275725119604368
1.4276223876896237,0.12866463055185604
1.4276223876896237,0.12866463055185604
1.4345177531004014,0.12975674914327523
1.4414131185111791,0.13084886773469442
1.4414131185111791,0.13084886773469442
1.4483084839219569,0.13194098632611362
1.4552038493327346,0.1330331049175328
1.4552038493327346,0.1330331049175328
1.4586465918580744,0.1336092224341187
1.4620893343834143,0.13418533995070464
1.4620893343834143,0.13418533995070464
1.468984699794192,0.13527745854212384
1.47588006520497,0.13636957713354306
1.47588006520497,0.13636957713354306
1.4793228077303098,0.13694569465012899
1.4827655502556496,0.13752181216671489
1.4896510353063297,0.1386740471998868
1.4896510353063297,0.1386740471998868
1.4965365203570093,0.13982628223305862
1.4999792628823492,0.14040239974964455
1.503422005407689,0.14097851726623048
1.5068647479330288,0.1415546347828164
1.5103074904583687,0.14213075229940234
1.5137502329837085,0.14270686981598824
1.5137502329837085,0.14270686981598824
1.5206254880994006,0.14391916279213868
1.5275007432150924,0.14513145576828906
1.5275007432150924,0.14513145576828906
1.5275007432150924,0.14513145576828906
1.5412512534464764,0.1475560417205899
1.5412512534464764,0.1475560417205899
1.5481265085621685,0.1487683346967403
1.5481265085621685,0.1487683346967403
1.5550017636778606,0.14998062767289075
1.5550017636778606,0.14998062767289075
1.5618770187935527,0.15119292064904116
1.5618770187935527,0.15119292064904116
1.5687522739092448,0.1524052136251916
1.5756275290249369,0.15361750660134202
1.5756275290249369,0.15361750660134202
1.5790596925668596,0.15425362051425082
1.5859240196507054,0.15552584834006844
1.5893561831926284,0.1561619622529773
1.5927883467345514,0.15679807616588612
1.5927883467345514,0.15679807616588612
1.5996413972858472,0.15813017425058343
1.6064944478371435,0.1594622723352808
1.6064944478371435,0.1594622723352808
1.6099266113790665,0.16009838624818962
1.6133587749209894,0.16073450016109844
1.6202118254722855,0.16206659824579578
1.6202118254722855,0.16206659824579578
1.6236323645605282,0.1627625147885674
1.627052903648771,0.16345843133133905
1.6339059542000673,0.16479052941603642
1.6339059542000673,0.16479052941603642
1.6373264932883103,0.16548644595880807
1.6407470323765532,0.16618236250157975
1.644167571464796,0.1668782790443514
1.647588110553039,0.16757419558712305
1.6510086496412817,0.16827011212989468
1.6578497278177673,0.16966194521543795
1.6578497278177673,0.16966194521543795
1.6646908059942531,0.17105377830098129
1.668111345082496,0.17174969484375294
1.668111345082496,0.17174969484375294
1.674964395633792,0.17308179292845025
1.6783849347220348,0.17377770947122187
1.6852260128985206,0.1751695425567652
1.6886465519867635,0.17586545909953685
1.6920670910750064,0.17656137564230848
1.6954876301632493,0.17725729218508013
1.7023287083397354,0.17864912527062346
1.705749247427978,0.17934504181339508
1.705749247427978,0.17934504181339508
1.7125780059092932,0.18079653923665845
1.7194067643906084,0.1822480366599218
1.7194067643906084,0.1822480366599218
1.7262355228719235,0.18369953408318515
1.7296560619601662,0.18439545062595677
1.7364971401366518,0.18578728371150005
1.7364971401366518,0.18578728371150005
1.743350190687948,0.18711938179619741
1.743350190687948,0.18711938179619741
1.753623780327487,0.18914739642366638
1.75704431941573,0.189843312966438
1.75704431941573,0.189843312966438
1.7638973699670262,0.19117541105113536
1.7707504205183222,0.19250750913583267
1.7707504205183222,0.19250750913583267
1.7776034710696187,0.1938396072205301
1.7776034710696187,0.1938396072205301
1.7844445492461043,0.19523144030607337
1.787865088334347,0.195927356848845
1.79128562742259,0.19662327339161664
1.79128562742259,0.19662327339161664
1.7981267055990757,0.19801510647715997
1.7981267055990757,0.19801510647715997
1.8049677837755616,0.19940693956270325
1.8083883228638045,0.2001028561054749
1.8152170813451194,0.2015543535287382
1.8152170813451194,0.2015543535287382
1.8152170813451194,0.2015543535287382
1.8254537125316554,0.20376135814171564
1.8288615852368766,0.2045168653314297
1.8288615852368766,0.2045168653314297
1.8322694579420977,0.2052723725211438
1.83908520335254,0.20678338690057202
1.83908520335254,0.20678338690057202
1.8458875896578892,0.2083538415222253
1.8458875896578892,0.2083538415222253
1.8526899759632383,0.20992429614387853
1.8526899759632383,0.20992429614387853
1.8594923622685875,0.2114947507655318
1.8594923622685875,0.2114947507655318
1.8662947485739367,0.21306520538718507
1.8696889168250974,0.21388007308903284
1.8730830850762579,0.21469494079088058
1.8764772533274183,0.21550980849272833
1.8832511953840367,0.21719874193708041
1.8832511953840367,0.21719874193708041
1.8900395318863576,0.2188284773407759
1.893433700137518,0.21964334504262364
1.900222036639839,0.22127308044631913
1.9036162048909995,0.22208794814816687
1.9070103731421602,0.22290281585001465
1.9104045413933208,0.22371768355186242
1.9104045413933208,0.22371768355186242
1.9205726517010995,0.22622148469806222
1.9239668199522602,0.22703635239991
1.9239668199522602,0.22703635239991
1.9307407620088786,0.22872528584426208
1.9307407620088786,0.22872528584426208
1.937514704065497,0.23041421928861416
1.9408941339660677,0.2312881992859998
1.947637568365584,0.23309509708756246
1.947637568365584,0.23309509708756246
1.947637568365584,0.23309509708756246
1.9543810027651003,0.23490199488912508
1.9611244371646168,0.23670889269068776
1.9611244371646168,0.23670889269068776
1.9644880993075127,0.2376417187608377
1.9644880993075127,0.2376417187608377
1.9712154235933042,0.2395073709011375
1.9712154235933042,0.2395073709011375
1.9779262962202753,0.24143168266133658
1.9812731660014227,0.24242307065639326
1.9846200357825703,0.24341445865144995
1.9846200357825703,0.24341445865144995
1.9913137753448655,0.24539723464156332
1.9946606451260132,0.24638862263662
1.9980075149071606,0.24738001063167667
2.001354384688308,0.24837139862673327
2.0080306513459223,0.25041253818156545
2.01137752112707,0.25140392617662216
2.01137752112707,0.25140392617662216
2.0147243909082175,0.25239531417167893
2.021400657565832,0.2544364537265111
2.028076924223446,0.25647759328134323
2.028076924223446,0.25647759328134323
2.028076924223446,0.25647759328134323
2.0347350400843305,0.2585768891484959
2.044703725047532,0.2617838826806562
2.044703725047532,0.2617838826806562
2.044703725047532,0.2617838826806562
2.051343352080291,0.26394122827924
2.054653584096733,0.26504881641840733
2.057963816113175,0.26615640455757467
2.061274048129617,0.2672639926967421
2.0645842801460583,0.2683715808359094
2.0678945121625003,0.26947916897507673
2.0744954770756903,0.2717520634690442
2.0744954770756903,0.2717520634690442
2.0810964419888807,0.2740249579630118
2.0810964419888807,0.2740249579630118
2.0876974069020706,0.27629785245697935
2.0876974069020706,0.27629785245697935
2.0942983718152606,0.2785707469509469
2.097588769588963,0.2797359379136286
2.100879167362665,0.2809011288763103
2.104169565136367,0.282066319838992
2.1074599629100694,0.2832315108016737
2.1107503606837716,0.2843967017643554
2.117310652759535,0.2867844528080258
2.117310652759535,0.2867844528080258
2.123870944835298,0.28917220385169595
2.123870944835298,0.28917220385169595
2.1304312369110616,0.2915599548953663
2.1304312369110616,0.2915599548953663
2.136991528986825,0.2939477059390367
2.136991528986825,0.2939477059390367
2.143530651474678,0.2963925836545193
2.1468002127186043,0.29761502251226063
2.1500697739625303,0.2988374613700019
2.1566300660382938,0.3012252124136722
2.1566300660382938,0.3012252124136722
2.15989962728222,0.30244765127141354
2.16641724819204,0.3049495315326881
2.1729348691018595,0.30745141179396274
2.1729348691018595,0.30745141179396274
2.1762044303457855,0.308673850651704
2.179473991589712,0.3098962895094453
2.185991612499531,0.31239816977071977
2.185991612499531,0.31239816977071977
2.192509233409351,0.3149000500319945
2.199026854319171,0.3174019302932691
2.199026854319171,0.3174019302932691
2.2022745830932933,0.31868124467935194
2.208747547506702,0.3212964920612668
2.208747547506702,0.3212964920612668
2.2152430050549468,0.32385512083343254
2.218490733829069,0.3251344352195154
2.2217384626031915,0.32641374960559827
2.2217384626031915,0.32641374960559827
2.2282114270166002,0.32902899698751314
2.2346843914300094,0.3316442443694282
2.2346843914300094,0.3316442443694282
2.2379092984446816,0.3329800445922975
2.2411342054593537,0.3343158448151669
2.247607169872763,0.33693109219708195
2.247607169872763,0.33693109219708195
2.254080134286172,0.3395463395789969
2.2573050413008446,0.3408821398018664
2.260529948315517,0.3422179400247357
2.263754855330189,0.34355374024760504
2.2702046693595337,0.34622534069334393
2.273429576374206,0.3475611409162133
2.276654483388878,0.3488969411390827
2.276654483388878,0.3488969411390827
2.283080819578211,0.35162475901195095
2.283080819578211,0.35162475901195095
2.2895071557675446,0.35435257688481936
2.2959334919568777,0.3570803947576877
2.2959334919568777,0.3570803947576877
2.299134594874183,0.35847227391965564
2.302335697791488,0.35986415308162356
2.305536800708793,0.3612560322435914
2.308737903626098,0.3626479114055593
2.308737903626098,0.3626479114055593
2.315140109460709,0.3654316697294952
2.318341212378014,0.366823548891463
2.321542315295319,0.36821542805343094
2.3247434182126248,0.3696073072153989
2.3247434182126248,0.3696073072153989
2.3311211686536253,0.3724468646594714
2.3374989190946263,0.3752864221035442
2.3374989190946263,0.3752864221035442
2.3406752428276065,0.37673395622473443
2.3438515665605864,0.37818149034592463
2.350229317001587,0.38102104778999735
2.350229317001587,0.38102104778999735
2.3534056407345667,0.38246858191118754
2.3597328627026677,0.3854190139697596
2.3629091864356475,0.3868665480909498
2.366085510168628,0.38831408221214003
2.3692618339016076,0.38976161633333023
2.3724381576345874,0.3912091504545203
2.3787653796026884,0.39415958251309235
2.3787653796026884,0.39415958251309235
2.38509260157079,0.3971100145716646
2.38509260157079,0.3971100145716646
2.391393755590141,0.4001155108666577
2.394544332599817,0.4016182590141544
2.3976949096094926,0.40312100716165106
2.400845486619168,0.40462375530914757
2.4039960636288433,0.4061265034566441
2.407146640638519,0.40762925160414076
2.4134214068006163,0.41068965954702585
2.4134214068006163,0.41068965954702585
2.4196691479808043,0.41380466839134555
2.422793018570898,0.4153621728135053
2.4259168891609924,0.41691967723566525
2.4259168891609924,0.41691967723566525
2.4321916553230896,0.41998008517855034
2.4353155259131833,0.4215375896007102
2.441535924914718,0.424707041198002
2.441535924914718,0.424707041198002
2.447756323916253,0.42787649279529383
2.447756323916253,0.42787649279529383
2.453976722917788,0.43104594439258564
2.460197121919323,0.4342153959898776
2.460197121919323,0.4342153959898776
2.4632933345285917,0.43582718225576567
2.469485759747129,0.43905075478754196
2.469485759747129,0.43905075478754196
2.469485759747129,0.43905075478754196
2.4756781849656666,0.4422743273193185
2.481870610184204,0.4454978998510948
2.481870610184204,0.4454978998510948
2.488034747231383,0.44877542965713374
2.488034747231383,0.44877542965713374
2.4972664957706505,0.4537185366070786
2.5003341072627396,0.45538411375098486
2.5003341072627396,0.45538411375098486
2.503401718754829,0.4570496908948912
2.509536941739008,0.4603808451827037
2.512604553231097,0.46204642232661
2.5156721647231866,0.46371199947051633
2.5187397762152757,0.4653775766144226
2.521807387707365,0.46704315375832883
2.527913385144329,0.4704277634057855
2.527913385144329,0.4704277634057855
2.5309809966364187,0.4720933405496919
2.5340486081285083,0.47375891769359824
2.5401838311126865,0.4770900719814105
2.546289828549651,0.4804746816288673
2.546289828549651,0.4804746816288673
2.552365980451116,0.48391240297085003
2.552365980451116,0.48391240297085003
2.5584719778880807,0.48729701261830694
2.5584719778880807,0.48729701261830694
2.5645779753250455,0.49068162226576384
2.567616051275778,0.49240048293675515
2.5706541272265104,0.49411934360774645
2.573692203177243,0.49583820427873787
2.576730279127976,0.4975570649497294
2.582806431029441,0.5009947862917122
2.5858445069801737,0.5027136469627037
2.5858445069801737,0.5027136469627037
2.5888825829309066,0.5044325076336953
2.5979666567624196,0.5096420268086753
2.5979666567624196,0.5096420268086753
2.6040126546432,0.5131326853126639
2.6040126546432,0.5131326853126639
2.6040126546432,0.5131326853126639
2.610058652523981,0.5166233438166526
2.6161046504047616,0.5201140023206413
2.6191122653867724,0.5218856229371067
2.6221198803687833,0.5236572435535719
2.625127495350794,0.5254288641700371
2.631142725314816,0.5289721054029678
2.631142725314816,0.5289721054029678
2.6341503402968267,0.5307437260194332
2.6371579552788376,0.5325153466358984
2.643142111933911,0.5361109907080237
2.643142111933911,0.5361109907080237
2.649126268588985,0.5397066347801492
2.649126268588985,0.5397066347801492
2.6551104252440587,0.5433022788522746
2.6610945818991323,0.5468979229244
2.6610945818991323,0.5468979229244
2.6640708197637624,0.5487217638335372
2.6670470576283924,0.5505456047426744
2.670023295493023,0.5523694456518118
2.672999533357653,0.554193286560949
2.675975771222283,0.5560171274700861
2.6818962638195627,0.5597166618423322
2.6818962638195627,0.5597166618423322
2.6878167564168423,0.5634161962145783
2.6878167564168423,0.5634161962145783
2.693737249014122,0.5671157305868244
2.693737249014122,0.5671157305868244
2.699657741611402,0.5708152649590708
2.699657741611402,0.5708152649590708
2.7055456499241304,0.5745662762434715
2.7084896040804947,0.5764417818856719
2.711433558236859,0.5783172875278723
2.7143775123932232,0.5801927931700727
2.7202654207059527,0.5839438044544737
2.7202654207059527,0.5839438044544737
2.7261204458060395,0.5877461022128322
2.7261204458060395,0.5877461022128322
2.731975470906127,0.5915483999711909
2.731975470906127,0.5915483999711909
2.737830496006214,0.5953506977295495
2.743652043388502,0.5992038958857026
2.746562817079646,0.601130494963779
2.746562817079646,0.601130494963779
2.74947359077079,0.6030570940418555
2.7581721385674647,0.6088875960476725
2.7581721385674647,0.6088875960476725
2.7610829122586087,0.610814195125749
2.7639936859497523,0.6127407942038253
2.7639936859497523,0.6127407942038253
2.7697814600552833,0.616644697131566
2.775569234160814,0.6205486000593065
2.775569234160814,0.6205486000593065
2.7813226473129333,0.6245028113657264
2.7813226473129333,0.6245028113657264
2.7871104214184643,0.6284067142934671
2.7871104214184643,0.6284067142934671
2.7899871279945243,0.630383819946677
2.7957058880934382,0.6343881388771494
2.7957058880934382,0.6343881388771494
2.798582594669498,0.6363652445303595
2.801459301245558,0.6383423501835696
2.807178061344472,0.6423466691140419
2.807178061344472,0.6423466691140419
2.8128968214433865,0.6463509880445147
2.815738584631672,0.6483779980273237
2.818580347819957,0.6504050080101325
2.8214221110082423,0.6524320179929413
2.824263874196528,0.6544590279757503
2.824263874196528,0.6544590279757503
2.8299826342954417,0.6584633469062229
2.8328243974837273,0.6604903568890318
2.8384724015862997,0.6645938720678994
2.844120405688872,0.6686973872467671
2.844120405688872,0.6686973872467671
2.846962168877157,0.6707243972295758
2.8498039320654427,0.6727514072123848
2.855451936168015,0.6768549223912523
2.855451936168015,0.6768549223912523
2.8610999402705874,0.68095843757012
2.8639058944425027,0.6830347344356509
2.866711848614418,0.6851110313011819
2.869517802786333,0.6871873281667129
2.872323756958248,0.6892636250322437
2.8779356653020782,0.6934162187633055
2.880741619473993,0.6954925156288363
2.880741619473993,0.6954925156288363
2.886317147143461,0.699693977085624
2.891892674812929,0.7038954385424117
2.891892674812929,0.7038954385424117
2.891892674812929,0.7038954385424117
2.897468202482397,0.7080968999991996
2.9030437301518646,0.7122983614559869
2.9030437301518646,0.7122983614559869
2.9030437301518646,0.7122983614559869
2.9085823110213083,0.7165482640322153
2.9085823110213083,0.7165482640322153
2.9141578386907763,0.720749725489003
2.9141578386907763,0.720749725489003
2.9197333663602443,0.7249511869457909
2.922502656794966,0.7270761382339049
2.92804123766441,0.7313260408101331
2.92804123766441,0.7313260408101331
2.9308105280991317,0.7334509920982473
2.936349108968576,0.7377008946744757
2.939118399403298,0.73982584596259
2.94188768983802,0.7419507972507042
2.944656980272742,0.7440757485388184
2.9501583331493655,0.7483738764676657
2.9501583331493655,0.7483738764676657
2.955659686025989,0.7526720043965133
2.955659686025989,0.7526720043965133
2.9611982668954333,0.7569219069727416
2.9611982668954333,0.7569219069727416
2.966699619772057,0.761220034901589
2.966699619772057,0.761220034901589
2.9722009726486807,0.7655181628304363
2.9722009726486807,0.7655181628304363
2.9777023255253043,0.7698162907592837
2.983203678401928,0.7741144186881311
2.98597296883665,0.7762393699762453
2.988742259271372,0.7783643212643596
2.988742259271372,0.7783643212643596
2.994243612147996,0.782662449193207
2.999744965024619,0.7869605771220543
2.999744965024619,0.7869605771220543
2.999744965024619,0.7869605771220543
3.005246317901243,0.7912587050509019
3.010747670777867,0.7955568329797492
3.010747670777867,0.7955568329797492
3.0162490236544905,0.7998549609085966
3.0162490236544905,0.7998549609085966
3.0217503765311142,0.8041530888374442
3.0217503765311142,0.8041530888374442
3.027251729407738,0.8084512167662916
3.0299835125525734,0.8106241751962417
3.0327152956974093,0.8127971336261921
3.035447078842245,0.8149700920561423
3.038178861987081,0.8171430504860926
3.0436802148637048,0.8214411784149399
3.0464119980085407,0.8236141368448903
3.0464119980085407,0.8236141368448903
3.049143781153376,0.8257870952748403
3.05464513403,0.8300852232036878
3.060146486906623,0.834383351132535
3.060146486906623,0.834383351132535
3.0656478397832467,0.8386814790613826
3.0711491926598704,0.8429796069902299
3.0711491926598704,0.8429796069902299
3.0766505455364945,0.8472777349190775
3.0766505455364945,0.8472777349190775
3.082151898413118,0.8515758628479249
3.082151898413118,0.8515758628479249
3.087653251289742,0.8558739907767722
3.090385034434578,0.8580469492067225
3.0931168175794137,0.8602199076366729
3.0931168175794137,0.8602199076366729
3.098618170456037,0.8645180355655201
3.101349953600873,0.8666909939954703
3.1040817367457088,0.8688639524254207
3.10954530303538,0.8732098692853211
3.112277086180216,0.8753828277152714
3.115008869325052,0.8775557861452217
3.1205102222016756,0.881853914074069
3.1205102222016756,0.881853914074069
3.1232420053465115,0.8840268725040192
3.1259737884913474,0.8861998309339696
3.128705571636183,0.8883727893639197
3.131437354781019,0.8905457477938699
3.1341691379258547,0.8927187062238202
3.1396327042155256,0.8970646230837205
3.1396327042155256,0.8970646230837205
3.145058206533926,0.9014581082332238
3.147789989678762,0.9036310666631742
3.147789989678762,0.9036310666631742
3.1532535559684334,0.9079769835230745
3.1532535559684334,0.9079769835230745
3.1559853391132693,0.9101499419530249
3.1614108414316697,0.9145434271025281
3.1641426245765056,0.9167163855324785
3.166874407721341,0.9188893439624286
3.166874407721341,0.9188893439624286
3.1722999100397415,0.9232828291119316
3.177725412358142,0.9276763142614346
3.177725412358142,0.9276763142614346
3.1831509146765424,0.9320697994109378
3.1831509146765424,0.9320697994109378
3.188576416994943,0.9364632845604411
3.1912698607222834,0.9386835882280399
3.1939633044496234,0.9409038918956383
3.1939633044496234,0.9409038918956383
3.199388806768024,0.9452973770451415
3.2020822504953643,0.9475176807127402
3.204775694222705,0.9497379843803387
3.210162581677385,0.9541785917155355
3.210162581677385,0.9541785917155355
3.215549469132066,0.9586191990507328
3.2182429128594063,0.9608395027183315
3.220936356586747,0.96305980638593
3.223629800314087,0.9652801100535284
3.226323244041427,0.9675004137211268
3.2290166877687674,0.9697207173887253
3.234403575223448,0.9741613247239225
3.2370970189507884,0.9763816283915212
3.2370970189507884,0.9763816283915212
3.239790462678129,0.9786019320591199
3.245177350132809,0.9830425393943167
3.245177350132809,0.9830425393943167
3.250525349232422,0.9875300434663387
3.250525349232422,0.9875300434663387
3.2532187929597622,0.9897503471339371
3.2559122366871027,0.9919706508015356
3.261260235786716,0.9964581548735573
3.266647123241397,1.0008987622087546
3.266647123241397,1.0008987622087546
3.2719951223410098,1.0053862662807762
3.2719951223410098,1.0053862662807762
3.277343121440623,1.0098737703527982
3.282691120540236,1.0143612744248196
3.282691120540236,1.0143612744248196
3.2853454044010295,1.016628247004061
3.287999688261823,1.0188952195833025
3.287999688261823,1.0188952195833025
3.293347687361436,1.023382723655324
3.2986956864610493,1.0278702277273457
3.3013499703218425,1.0301372003065867
3.304004254182636,1.032404172885828
3.30665853804343,1.0346711454650692
3.309312821904223,1.0369381180443102
3.314660821003836,1.0414256221163318
3.314660821003836,1.0414256221163318
3.3173151048646297,1.043692594695573
3.3225839716931223,1.0482727507529015
3.325238255553916,1.0505397233321427
3.3278925394147096,1.052806695911384
3.330546823275503,1.055073668490625
3.3332011071362966,1.0573406410698662
3.3385096748578835,1.0618745862283485
3.3385096748578835,1.0618745862283485
3.343778541686376,1.066454742285677
3.343778541686376,1.066454742285677
3.349047408514869,1.0710348983430058
3.3516617239885393,1.0733478492920814
3.3542760394622095,1.0756608002411567
3.3542760394622095,1.0756608002411567
3.3568903549358797,1.077973751190232
3.35950467040955,1.0802867021393077
3.3647333013568903,1.0849126040374588
3.3647333013568903,1.0849126040374588
3.3673476168305605,1.0872255549865342
3.3725357464400565,1.0918969678692658
3.3725357464400565,1.0918969678692658
3.3751092971807846,1.0942551926409105
3.3776828479215126,1.0966134174125555
3.382870977531008,1.1012848302952865
3.382870977531008,1.1012848302952865
3.3880180790124643,1.106001279838576
3.3905916297531924,1.1083595046102208
3.3931651804939205,1.1107177293818653
3.3957387312346485,1.11307595415351
3.3983122819753766,1.115434178925155
3.4008858327161047,1.1177924036967997
3.4059916447520657,1.1225536504473168
3.4059916447520657,1.1225536504473168
3.411097456788027,1.1273148971978337
3.411097456788027,1.1273148971978337
3.4136294588673266,1.1297176774539377
3.4161614609466264,1.1321204577100414
3.421225465105226,1.1369260182222494
3.423757467184526,1.1393287984783533
3.423757467184526,1.1393287984783533
3.428779406367145,1.1441784287747725
3.4338434105257445,1.1489839892869802
3.4338434105257445,1.1489839892869802
3.4363754126050443,1.1513867695430842
3.438907414684344,1.1537895497991881
3.443929353866963,1.158639180095607
3.443929353866963,1.158639180095607
3.4489512930495825,1.1634888103920265
3.4489512930495825,1.1634888103920265
3.4539732322322014,1.1683384406884454
3.458995171414821,1.1731880709848648
3.458995171414821,1.1731880709848648
3.4640171105974398,1.1780377012812837
3.4665491126767396,1.1804404815373877
3.4690811147560394,1.1828432617934916
3.4690811147560394,1.1828432617934916
3.4741030539386584,1.1876928920899108
3.4791249931212773,1.19254252238633
3.4791249931212773,1.19254252238633
3.481656995200577,1.194945302642434
3.484188997279877,1.197348082898538
3.4892530014384766,1.2021536434107456
3.4892530014384766,1.2021536434107456
3.4943170055970763,1.2069592039229535
3.496849007676376,1.2093619841790573
3.499381009755676,1.2117647644351612
3.5019130118349757,1.2141675446912652
3.5070188238709368,1.2189287914417821
3.5070188238709368,1.2189287914417821
3.512082828029536,1.2237343519539898
3.514614830108836,1.2261371322100938
3.5171468321881356,1.2285399124661975
3.5222526442240967,1.2333011592167145
3.5222526442240967,1.2333011592167145
3.5273584562600577,1.2380624059672314
3.5273584562600577,1.2380624059672314
3.532464268296019,1.2428236527177483
3.5349962703753186,1.2452264329738523
3.5349962703753186,1.2452264329738523
3.537528272454618,1.247629213229956
3.5451660865698793,1.2547932402365771
3.547698088649179,1.257196020492681
3.547698088649179,1.257196020492681
3.5527620928077788,1.2620015810048886
3.557909194289235,1.2667180305481778
3.560482745029963,1.2690762553198227
3.563056295770691,1.2714344800914676
3.565629846511419,1.2737927048631124
3.5707769479928753,1.2785091544064016
3.5707769479928753,1.2785091544064016
3.5759240494743314,1.2832256039496914
3.5784976002150595,1.2855838287213364
3.5810711509557875,1.2879420534929809
3.5862182524372437,1.2926585030362707
3.5887918031779718,1.2950167278079152
3.5913653539187,1.29737495257956
3.593938904659428,1.2997331773512046
3.599044716695389,1.3044944241017216
3.599044716695389,1.3044944241017216
3.601618267436117,1.3068526488733665
3.604191818176845,1.3092108736450112
3.609297630212806,1.3139721203955281
3.609297630212806,1.3139721203955281
3.611829632292106,1.3163749006516319
3.614361634371406,1.3187776809077358
3.6168936364507056,1.3211804611638398
3.6168936364507056,1.3211804611638398
3.6219155756333246,1.3260300914602587
3.6219155756333246,1.3260300914602587
3.626937514815944,1.3308797217566783
3.626937514815944,1.3308797217566783
3.631959453998563,1.3357293520530973
3.631959453998563,1.3357293520530973
3.634449136144073,1.3381759558835178
3.636938818289583,1.3406225597139387
3.641960757472202,1.345472190010358
3.644450439617712,1.3479187938407788
3.644450439617712,1.3479187938407788
3.649429803908732,1.3528120015016207
3.651919486054242,1.3552586053320415
3.651919486054242,1.3552586053320415
3.6569414252368615,1.3601082356284606
3.661963364419481,1.3649578659248802
3.664453046564991,1.3674044697553007
3.664453046564991,1.3674044697553007
3.669432410856011,1.3722976774161417
3.671922093001521,1.3747442812465627
3.676901457292541,1.3796374889074037
3.679391139438051,1.3820840927378246
3.6818808215835612,1.3845306965682453
3.6843705037290713,1.3869773003986658
3.6893498680200913,1.3918705080595073
3.6893498680200913,1.3918705080595073
3.6942864046180452,1.396807044657461
3.6942864046180452,1.396807044657461
3.6992657689090653,1.4017002523183024
3.6992657689090653,1.4017002523183024
3.7042023055070192,1.4066367889162563
3.7042023055070192,1.4066367889162563
3.709138842104973,1.41157332551421
3.709138842104973,1.41157332551421
3.714118206395993,1.416466533175051
3.714118206395993,1.416466533175051
3.719054742993947,1.4214030697730047
3.723991279591901,1.4263396063709586
3.723991279591901,1.4263396063709586
3.723991279591901,1.4263396063709586
3.728927816189855,1.4312761429689127
3.733864352787809,1.4362126795668664
3.733864352787809,1.4362126795668664
3.736354034933319,1.438659283397287
3.738843717078829,1.4411058872277076
3.743780253676783,1.4460424238256613
3.743780253676783,1.4460424238256613
3.7487167902747367,1.450978960423615
3.75365332687269,1.4559154970215684
3.75365332687269,1.4559154970215684
3.75365332687269,1.4559154970215684
3.761079545616154,1.4632986374499435
3.763569227761664,1.465745241280364
3.763569227761664,1.465745241280364
3.768505764359618,1.4706817778783177
3.7734423009575715,1.4756183144762711
3.7734423009575715,1.4756183144762711
3.7783788375555254,1.4805548510742248
3.7783788375555254,1.4805548510742248
3.7833153741534793,1.4854913876721785
3.788251910751433,1.4904279242701322
3.788251910751433,1.4904279242701322
3.790698514581854,1.492917606415642
3.7931451184122746,1.4954072885611522
3.7980816550102285,1.500343825159106
3.7980816550102285,1.500343825159106
3.8030181916081824,1.50528036175706
3.8030181916081824,1.50528036175706
3.8079547282061363,1.5102168983550137
3.81289126480409,1.5151534349529672
3.81289126480409,1.5151534349529672
3.8177844724649312,1.5201327992439877
3.822721009062885,1.5250693358419414
3.822721009062885,1.5250693358419414
3.825167612893306,1.5275590179874512
3.8276142167237266,1.5300487001329615
3.83255075332168,1.534985236730915
3.83255075332168,1.534985236730915
3.837487289919634,1.5399217733288686
3.8399338937500547,1.5424114554743789
3.8423804975804754,1.5449011376198887
3.844827101410896,1.5473908197653985
3.847273705241317,1.5498805019109088
3.8497203090717376,1.552370184056419
3.8521669129021583,1.5548598662019288
3.854613516732579,1.557349548347439
3.8570601205629997,1.559839230492949
3.861996657160953,1.5647757670909024
3.861996657160953,1.5647757670909024
3.864443260991374,1.5672654492364126
3.8668898648217946,1.569755131381923
3.8693364686522154,1.5722448135274327
3.871783072482636,1.574734495672943
3.87671960908059,1.5796710322708967
3.8791662129110107,1.582160714416407
3.8816128167414314,1.5846503965619172
3.884059420571852,1.5871400787074275
3.886506024402273,1.5896297608529373
3.8889526282326936,1.592119442998447
3.8913992320631143,1.594609125143957
3.893845835893535,1.5970988072894672
3.896292439723956,1.599588489434977
3.8987390435543765,1.6020781715804868
3.9011856473847972,1.604567853725997
3.903632251215218,1.6070575358715073
3.9060788550456387,1.6095472180170172
3.91097206270648,1.6145265823080373
3.913418666536901,1.6170162644535475
3.913418666536901,1.6170162644535475
3.9158652703673216,1.6195059465990573
3.920758478028163,1.6244853108900774
3.920758478028163,1.6244853108900774
3.9256516856890045,1.6294646751810975
3.928098289519425,1.6319543573266073
3.930544893349846,1.6344440394721171
3.932991497180267,1.6369337216176276
3.935438101010688,1.6394234037631374
3.9378847048411085,1.6419130859086473
3.9403313086715293,1.644402768054157
3.94277791250195,1.646892450199667
3.9452245163323707,1.6493821323451772
3.9476711201627914,1.6518718144906874
3.952564327823633,1.6568511787817075
3.9550109316540536,1.6593408609272178
3.9550109316540536,1.6593408609272178
3.9574575354844743,1.661830543072728
3.962307165780893,1.666852482255347
3.9647537696113138,1.6693421644008573
3.9672003734417345,1.6718318465463675
3.969646977272155,1.6743215286918773
3.972093581102576,1.6768112108373876
3.9769432113989946,1.6818331500200066
3.9769432113989946,1.6818331500200066
3.9793898152294154,1.6843228321655168
3.984283022890257,1.6893021964565365
3.984283022890257,1.6893021964565365
3.9867296267206775,1.6917918786020467
3.9915792570170967,1.696813817784666
3.9940258608475174,1.6993034999301757
3.996472464677938,1.7017931820756855
3.998919068508359,1.7042828642211958
4.006258879999621,1.711751910657726
4.006258879999621,1.711751910657726
4.008705483830042,1.7142415928032362
4.013598691490882,1.7192209570942558
4.016045295321303,1.7217106392397656
4.018491899151723,1.7242003213852755
4.020938502982144,1.726690003530786
4.023385106812565,1.7291796856762962
4.0258317106429855,1.731669367821806
4.028278314473407,1.7341590499673163
4.030724918303827,1.736648732112826
4.035574548600246,1.741670671295445
4.038021152430667,1.7441603534409553
4.040467756261088,1.7466500355864656
4.040467756261088,1.7466500355864656
4.042914360091509,1.7491397177319759
4.047807567752351,1.754119082022996
4.050254171582771,1.7566087641685058
4.052700775413191,1.7590984463140156
4.0551473792436115,1.7615881284595254
4.057593983074032,1.7640778106050352
4.062530519671986,1.7690143472029896
4.062530519671986,1.7690143472029896
4.0674670562699395,1.773950883800943
4.06991366010036,1.7764405659464528
4.072360263930781,1.778930248091963
4.074806867761202,1.7814199302374734
4.082190008189577,1.788846148980937
4.082190008189577,1.788846148980937
4.08712654478753,1.7937826855788908
4.08712654478753,1.7937826855788908
4.092063081385484,1.7987192221768442
4.092063081385484,1.7987192221768442
4.096999617983438,1.8036557587747983
4.096999617983438,1.8036557587747983
4.1019361545813915,1.808592295372752
4.106872691179346,1.8135288319707061
4.109362373324855,1.8159754358011266
4.111852055470365,1.8184220396315471
4.116788592068319,1.8233585762295013
4.116788592068319,1.8233585762295013
4.119278274213829,1.8258051800599218
4.126704492957292,1.833188320488296
4.126704492957292,1.833188320488296
4.126704492957292,1.833188320488296
4.131641029555246,1.83812485708625
4.134130711700757,1.840571460916671
4.134130711700757,1.840571460916671
4.14155693044422,1.847954601345045
4.14155693044422,1.847954601345045
4.146536294735239,1.852847809005886
4.146536294735239,1.852847809005886
4.1514728313331934,1.85778434560384
4.1514728313331934,1.85778434560384
4.156409367931148,1.8627208822017942
4.161345904529101,1.8676574187997477
4.161345904529101,1.8676574187997477
4.163835586674611,1.8701040226301682
4.16632526882012,1.8725506264605887
4.171261805418075,1.8774871630585428
4.171261805418075,1.8774871630585428
4.176198342016028,1.8824236996564963
4.178688024161539,1.8848703034869172
4.181177706307049,1.8873169073173381
4.181177706307049,1.8873169073173381
4.186114242905003,1.8922534439152918
4.186114242905003,1.8922534439152918
4.191050779502956,1.8971899805132455
4.193540461648467,1.8996365843436664
4.196030143793977,1.9020831881740874
4.198519825939487,1.904529792004508
4.201009508084996,1.9069763958349284
4.205988872376016,1.9118696034957698
4.208478554521527,1.9143162073261908
4.2109682366670365,1.9167628111566113
4.213457918812546,1.9192094149870318
4.215947600958056,1.9216560188174523
4.22088413755601,1.9265925554154064
4.22337381970152,1.929039159245827
4.22337381970152,1.929039159245827
4.22835318399254,1.9339323669066686
4.230842866138049,1.936378970737089
4.233332548283559,1.9388255745675096
4.2358222304290685,1.94127217839793
4.240758767027022,1.9462087149958838
4.240758767027022,1.9462087149958838
4.245738131318042,1.9511019226567254
4.248227813463552,1.953548526487146
4.250717495609061,1.9559951303175664
4.255696859900081,1.960888337978408
4.255696859900081,1.960888337978408
4.258186542045591,1.9633349418088284
4.260676224191101,1.9657815456392493
4.263165906336612,1.9682281494696703
4.268145270627632,1.9731213571305117
4.270634952773142,1.9755679609609327
4.273124634918652,1.9780145647913532
4.2756143170641625,1.9804611686217741
4.278103999209672,1.9829077724521946
4.280593681355182,1.9853543762826151
4.283083363500692,1.9878009801130363
4.288105302683311,1.9926506104094552
4.288105302683311,1.9926506104094552
4.29312724186593,1.9975002407058742
4.29312724186593,1.9975002407058742
4.298106606156951,2.0023934483667163
4.298106606156951,2.0023934483667163
4.30312854533957,2.007243078663135
4.30312854533957,2.007243078663135
4.308150484522189,2.0120927089595537
4.313172423704808,2.0169423392559724
4.313172423704808,2.0169423392559724
4.313172423704808,2.0169423392559724
4.318194362887428,2.0217919695523925
4.323216302070047,2.026641599848811
4.323216302070047,2.026641599848811
4.328238241252666,2.0314912301452304
4.333260180435285,2.0363408604416495
4.333260180435285,2.0363408604416495
4.335792182514584,2.0387436406977537
4.338324184593884,2.0411464209538575
4.343346123776503,2.0459960512502766
4.345878125855803,2.0483988315063804
4.348410127935103,2.050801611762484
4.348410127935103,2.050801611762484
4.3534741320937025,2.0556071722746925
4.356006134173002,2.058009952530796
4.358538136252302,2.0604127327869004
4.361070138331602,2.062815513043004
4.363602140410902,2.065218293299108
4.366134142490202,2.0676210735552116
4.368666144569501,2.0700238538113154
4.371198146648801,2.0724266340674196
4.373730148728101,2.0748294143235237
4.376262150807401,2.0772321945796275
4.378794152886701,2.0796349748357312
4.3813261549660005,2.082037755091835
4.386431967001961,2.0867990018423517
4.386431967001961,2.0867990018423517
4.388963969081261,2.089201782098456
4.391495971160561,2.09160456235456
4.396601783196521,2.0963658091050767
4.396601783196521,2.0963658091050767
4.399133785275821,2.0987685893611805
4.401665787355121,2.1011713696172847
4.4067715993910825,2.105932616367802
4.4067715993910825,2.105932616367802
4.411877411427044,2.110693863118319
4.411877411427044,2.110693863118319
4.4169832234630055,2.115455109868836
4.4169832234630055,2.115455109868836
4.422089035498967,2.1202163566193533
4.4246625862396955,2.122574581390998
4.427236136980423,2.1249328061626427
4.427236136980423,2.1249328061626427
4.432341949016385,2.12969405291316
4.437447761052346,2.134455299663677
4.437447761052346,2.134455299663677
4.440021311793075,2.1368135244353224
4.442594862533802,2.139171749206967
4.4477419640152585,2.1438881987502563
4.450315514755986,2.1462464235219008
4.452889065496714,2.1486046482935452
4.455462616237441,2.1509628730651897
4.4606097177188975,2.155679322608479
4.4606097177188975,2.155679322608479
4.465756819200353,2.160395772151768
4.465756819200353,2.160395772151768
4.470944948809849,2.1650671850345
4.476133078419345,2.169738597917231
4.476133078419345,2.169738597917231
4.478706629160072,2.1720968226888755
4.4838537306415285,2.176813272232165
4.4838537306415285,2.176813272232165
4.486427281382256,2.1791714970038094
4.491615410991752,2.183842909886541
4.496762512473208,2.1885593594298305
4.496762512473208,2.1885593594298305
4.499336063213936,2.190917584201475
4.5070977435641595,2.1979472218558507
4.5070977435641595,2.1979472218558507
4.5070977435641595,2.1979472218558507
4.512244845045615,2.2026636713991397
4.517432974655111,2.2073350842818713
4.517432974655111,2.2073350842818713
4.522621104264606,2.212006497164602
4.522621104264606,2.212006497164602
4.527849735211946,2.2166323990627532
4.527849735211946,2.2166323990627532
4.533037864821441,2.2213038119454844
4.533037864821441,2.2213038119454844
4.538225994430937,2.225975224828216
4.540840309904607,2.2282881757772914
4.540840309904607,2.2282881757772914
4.543454625378277,2.230601126726367
4.548642754987773,2.235272539609098
4.548642754987773,2.235272539609098
4.553830884597269,2.239943952491829
4.556445200070939,2.2422569034409046
4.561673831018279,2.2468828053390557
4.56428814649195,2.2491957562881315
4.566902461965619,2.251508707237207
4.569516777439289,2.253821658186282
4.57213109291296,2.256134609135358
4.577399959741452,2.2607147651926867
4.577399959741452,2.2607147651926867
4.580014275215123,2.2630277161417625
4.585242906162462,2.267653618039913
4.587857221636132,2.2699665689889885
4.587857221636132,2.2699665689889885
4.593126088464625,2.274546725046317
4.598394955293117,2.279126881103646
4.598394955293117,2.279126881103646
4.601009270766787,2.281439832052721
4.603623586240457,2.2837527830017965
4.60889245306895,2.288332939059126
4.60889245306895,2.288332939059126
4.614161319897443,2.2929130951164542
4.614161319897443,2.2929130951164542
4.6194301867259355,2.2974932511737824
4.6194301867259355,2.2974932511737824
4.624699053554428,2.302073407231111
4.629967920382921,2.3066535632884397
4.629967920382921,2.3066535632884397
4.629967920382921,2.3066535632884397
4.635276488104507,2.3111875084469222
4.635276488104507,2.3111875084469222
4.640545354933,2.315767664504251
4.640545354933,2.315767664504251
4.645814221761492,2.3203478205615795
4.65112278948308,2.324881765720062
4.653777073343874,2.3271487382993032
4.656431357204667,2.3294157108785445
4.65908564106546,2.3316826834577857
4.664394208787049,2.336216628616268
4.667048492647843,2.3384836011955095
4.669702776508636,2.3407505737747507
4.669702776508636,2.3407505737747507
4.677625927197922,2.34759770241132
4.677625927197922,2.34759770241132
4.680280211058715,2.3498646749905614
4.682934494919509,2.3521316475698026
4.688243062641098,2.3566655927282856
4.690897346501891,2.358932565307527
4.693551630362684,2.361199537886768
4.696205914223477,2.3634665104660093
4.698860198084271,2.3657334830452506
4.698860198084271,2.3657334830452506
4.706862481044678,2.3724879596965143
4.706862481044678,2.3724879596965143
4.71221048014429,2.376975463768536
4.714864764005084,2.379242436347777
4.717519047865877,2.3815094089270183
4.717519047865877,2.3815094089270183
4.72286704696549,2.38599691299904
4.728215046065103,2.3904844170710615
4.728215046065103,2.3904844170710615
4.728215046065103,2.3904844170710615
4.733563045164717,2.394971921143083
4.738911044264329,2.3994594252151047
4.738911044264329,2.3994594252151047
4.74160448799167,2.4016797288827036
4.744297931719011,2.4039000325503026
4.749645930818623,2.408387536622324
4.749645930818623,2.408387536622324
4.752339374545963,2.4106078402899227
4.757726262000643,2.4150484476251197
4.760419705727984,2.4172687512927182
4.763113149455325,2.4194890549603167
4.765806593182665,2.4217093586279153
4.768500036910005,2.4239296622955138
4.771193480637346,2.4261499659631123
4.773886924364686,2.428370269630711
4.779312426683087,2.4327637547802143
4.779312426683087,2.4327637547802143
4.784737929001487,2.437157239929717
4.784737929001487,2.437157239929717
4.790163431319888,2.4415507250792206
4.795588933638288,2.4459442102287237
4.795588933638288,2.4459442102287237
4.798320716783124,2.4481171686586736
4.80105249992796,2.4502901270886235
4.806516066217632,2.4546360439485237
4.806516066217632,2.4546360439485237
4.811941568536032,2.459029529098027
4.8146733516808675,2.4612024875279768
4.817405134825703,2.4633754459579267
4.82013691797054,2.4655484043878775
4.822868701115376,2.4677213628178274
4.828332267405049,2.472067279677728
4.828332267405049,2.472067279677728
4.831064050549885,2.474240238107678
4.836565403426508,2.4785383660365254
4.842066756303132,2.482836493965373
4.842066756303132,2.482836493965373
4.844798539447968,2.4850094523953232
4.847530322592804,2.487182410825273
4.853031675469428,2.49148053875412
4.853031675469428,2.49148053875412
4.858533028346051,2.495778666682968
4.858533028346051,2.495778666682968
4.858533028346051,2.495778666682968
4.864034381222675,2.500076794611815
4.869535734099299,2.5043749225406624
4.869535734099299,2.5043749225406624
4.875074314968743,2.508624825116891
4.875074314968743,2.508624825116891
4.880575667845367,2.5129229530457384
4.880575667845367,2.5129229530457384
4.88611424871481,2.517172855621966
4.888883539149531,2.51929780691008
4.891652829584253,2.5214227581981947
4.891652829584253,2.5214227581981947
4.897191410453697,2.525672660774423
4.899960700888419,2.527797612062537
4.899960700888419,2.527797612062537
4.908305518992609,2.534124024807439
4.911074809427331,2.536248976095553
4.911074809427331,2.536248976095553
4.916650337096799,2.540450437552341
4.916650337096799,2.540450437552341
4.916650337096799,2.540450437552341
4.927801392435734,2.548853360465916
4.927801392435734,2.548853360465916
4.930607346607649,2.550929657331447
4.933413300779565,2.553005954196978
4.938988828449032,2.5572074156537656
4.938988828449032,2.5572074156537656
4.9445643561185,2.561408877110553
4.950139883787967,2.5656103385673408
4.950139883787967,2.5656103385673408
4.9529458379598825,2.5676866354328722
4.958593842062455,2.5717901506117395
4.964241846165027,2.5758936657906073
4.964241846165027,2.5758936657906073
4.9670478003369425,2.5779699626561383
4.972659708680773,2.582122556387201
4.975465662852688,2.5841988532527314
4.975465662852688,2.5841988532527314
4.9811136669552605,2.588302368431599
4.986761671057833,2.5924058836104664
4.986761671057833,2.5924058836104664
4.989603434246118,2.5944328935932752
4.992445197434403,2.596459903576084
4.998093201536976,2.6005634187549522
4.998093201536976,2.6005634187549522
5.0009349647252614,2.602590428737761
5.0037767279135466,2.60461743872057
5.009460254290117,2.6086714586861874
5.009460254290117,2.6086714586861874
5.012302017478403,2.6106984686689962
5.015143780666689,2.612725478651805
5.02082730704326,2.6167794986174227
5.02082730704326,2.6167794986174227
5.023669070231545,2.6188065086002315
5.02651083341983,2.6208335185830403
5.032194359796401,2.6248875385486583
5.035036122984687,2.6269145485314676
5.035036122984687,2.6269145485314676
5.0407548830836015,2.63091886746194
5.046473643182516,2.6349231863924123
5.046473643182516,2.6349231863924123
5.049350349758576,2.6369002920456226
5.052227056334636,2.6388773976988324
5.055103762910695,2.6408545033520423
5.057980469486755,2.642831609005252
5.063699229585669,2.646835927935725
5.066575936161729,2.648813033588935
5.069452642737788,2.6507901392421447
5.072329349313849,2.652767244895355
5.075206055889908,2.654744350548565
5.080959469042028,2.658698561854985
5.083836175618088,2.660675667508195
5.083836175618088,2.660675667508195
5.086712882194148,2.662652773161405
5.095377362875739,2.668533781742356
5.095377362875739,2.668533781742356
5.10116513698127,2.672437684670096
5.10116513698127,2.672437684670096
5.1069529110868,2.6763415875978365
5.1069529110868,2.6763415875978365
5.112740685192331,2.680245490525577
5.112740685192331,2.680245490525577
5.118562232574619,2.684098688681729
5.121473006265763,2.686025287759805
5.124383779956907,2.6879518868378818
5.127294553648051,2.6898784859159584
5.130205327339195,2.691805084994035
5.133116101030339,2.6937316840721115
5.136026874721483,2.695658283150188
5.138937648412627,2.697584882228264
5.144792673512715,2.701387179986623
5.147703447203859,2.703313779064699
5.150614220895003,2.705240378142775
5.150614220895003,2.705240378142775
5.1564692459950905,2.709042675901134
5.162324271095178,2.7128449736594926
5.162324271095178,2.7128449736594926
5.168179296195265,2.7166472714178513
5.168179296195265,2.7166472714178513
5.1740672045079945,2.7203982827022526
5.177011158664358,2.7222737883444528
5.179955112820722,2.724149293986653
5.182899066977086,2.726024799628853
5.188786975289814,2.7297758109132535
5.188786975289814,2.7297758109132535
5.194707467887094,2.7334753452854996
5.200627960484374,2.7371748796577458
5.200627960484374,2.7371748796577458
5.206548453081653,2.7408744140299914
5.212500928810913,2.744522095848266
5.212500928810913,2.744522095848266
5.2154771666755435,2.7463459367574035
5.218453404540174,2.748169777666541
5.221429642404804,2.749993618575678
5.227382118134065,2.753641300393953
5.230358355998695,2.75546514130309
5.233334593863326,2.7572889822122275
5.239318750518399,2.7608846262843527
5.239318750518399,2.7608846262843527
5.245302907173473,2.7644802703564784
5.245302907173473,2.7644802703564784
5.245302907173473,2.7644802703564784
5.2512870638285465,2.7680759144286036
5.254294678810558,2.769847535045069
5.257302293792568,2.771619155661534
5.263317523756589,2.7751623968944643
5.263317523756589,2.7751623968944643
5.263317523756589,2.7751623968944643
5.2693016804116635,2.77875804096659
5.275316910375684,2.78230128219952
5.278324525357696,2.7840729028159856
5.278324525357696,2.7840729028159856
5.281332140339706,2.7858445234324507
5.2903857532024965,2.791106802552904
5.2903857532024965,2.791106802552904
5.296431751083278,2.794597461056893
5.296431751083278,2.794597461056893
5.302477748964058,2.7980881195608815
5.302477748964058,2.7980881195608815
5.3085237468448385,2.80157877806487
5.3085237468448385,2.80157877806487
5.314599898746304,2.8050164994068534
5.317637974697037,2.806735360077845
5.320676050647769,2.8084542207488363
5.323714126598502,2.810173081419828
5.329820124035467,2.8135576910672846
5.329820124035467,2.8135576910672846
5.335926121472431,2.816942300714741
5.335926121472431,2.816942300714741
5.342032118909396,2.820326910362198
5.3450997304014845,2.821992487506104
5.348167341893574,2.8236580646500107
5.351234953385663,2.8253236417939167
5.357370176369841,2.828654796081729
5.357370176369841,2.828654796081729
5.36043778786193,2.8303203732256352
5.369669536401196,2.83526348017558
5.369669536401196,2.83526348017558
5.3727657490104646,2.836875266441468
5.375861961619733,2.838487052707356
5.378958174229002,2.8400988389732444
5.382054386838271,2.841710625239133
5.385150599447539,2.843322411505021
5.388246812056807,2.844934197770909
5.391343024666075,2.846545984036797
5.397563423667611,2.849715435634089
5.397563423667611,2.849715435634089
5.400659636276879,2.851327221899977
5.403755848886148,2.8529390081658654
5.409976247887683,2.856108459763157
5.409976247887683,2.856108459763157
5.416196646889218,2.859277911360449
5.416196646889218,2.859277911360449
5.4224443880694055,2.8623929202047687
5.4224443880694055,2.8623929202047687
5.428692129249593,2.865507929049088
5.431815999839687,2.8670654334712475
5.438090766001784,2.8701258414141324
5.438090766001784,2.8701258414141324
5.444365532163882,2.873186249357018
5.450640298325979,2.876246657299903
5.450640298325979,2.876246657299903
5.450640298325979,2.876246657299903
5.456915064488076,2.879307065242788
5.456915064488076,2.879307065242788
5.4631898306501725,2.882367473185673
5.466340407659849,2.88387022133317
5.472667629627949,2.8868206533917418
5.47899485159605,2.8897710854503136
5.47899485159605,2.8897710854503136
5.485322073564151,2.892721517508886
5.485322073564151,2.892721517508886
5.491649295532253,2.895671949567458
5.491649295532253,2.895671949567458
5.497976517500354,2.8986223816260304
5.497976517500354,2.8986223816260304
5.5075305916743345,2.902909473191293
5.5075305916743345,2.902909473191293
5.513908342115335,2.9057490306353655
5.517084665848316,2.907196564756556
5.5202609895812955,2.908644098877746
5.5202609895812955,2.908644098877746
5.526638740022296,2.9114836563218187
5.533016490463297,2.914323213765891
5.533016490463297,2.914323213765891
5.539394240904297,2.9171627712099637
5.539394240904297,2.9171627712099637
5.545796446738907,2.9199465295338998
5.548997549656212,2.921338408695868
5.552198652573517,2.922730287857836
5.555399755490822,2.924122167019804
5.561826091680155,2.926849984892672
5.561826091680155,2.926849984892672
5.5682524278694885,2.929577802765541
5.5682524278694885,2.929577802765541
5.574702241898834,2.9322494032112796
5.574702241898834,2.9322494032112796
5.574702241898834,2.9322494032112796
5.581128578088167,2.934977221084148
5.584353485102839,2.936313021307017
5.590803299132182,2.938984621752756
5.594028206146854,2.9403204219756254
5.597253113161527,2.941656222198495
5.603726077574936,2.94427146958041
5.603726077574936,2.94427146958041
5.606973806349058,2.945550783966493
5.61022153512318,2.9468300983525757
5.616716992671424,2.949388727124741
5.619964721445546,2.950668041510824
5.619964721445546,2.950668041510824
5.623212450219669,2.951947355896907
5.629707907767913,2.9545059846690727
5.632955636542035,2.9557852990551554
5.632955636542035,2.9557852990551554
5.639473257451855,2.95828717931643
5.645990878361674,2.9607890595777047
5.645990878361674,2.9607890595777047
5.645990878361674,2.9607890595777047
5.652508499271494,2.9632909398389793
5.659047621759346,2.9657358175544615
5.662317183003274,2.966958256412203
5.662317183003274,2.966958256412203
5.668877475079037,2.969346007455873
5.668877475079037,2.969346007455873
5.675437767154801,2.9717337584995436
5.681998059230564,2.974121509543214
5.685288457004265,2.9752867005058956
5.691889421917455,2.977559594999863
5.691889421917455,2.977559594999863
5.698490386830645,2.9798324894938304
5.705091351743836,2.9821053839877982
5.705091351743836,2.9821053839877982
5.708401583760278,2.9832129721269656
5.711711815776719,2.984320560266133
5.711711815776719,2.984320560266133
5.721623012706351,2.9877010428992676
5.721623012706351,2.9877010428992676
5.7282626397391105,2.9898583884978516
5.731572871755552,2.990965976637019
5.731572871755552,2.990965976637019
5.7348831037719945,2.9920735647761862
5.741522730804753,2.9942309103747697
5.741522730804753,2.9942309103747697
5.748162357837513,2.9963882559733537
5.751491415767956,2.9974379039069303
5.754820473698397,2.9984875518405065
5.761478589559281,3.000586847707659
5.7648076474897225,3.001636495641235
5.7648076474897225,3.001636495641235
5.768136705420164,3.0026861435748113
5.771465763350607,3.003735791508388
5.774812633131754,3.0047271795034445
5.781506372694049,3.006709955493558
5.781506372694049,3.006709955493558
5.784853242475196,3.0077013434886144
5.791546982037491,3.0096841194787274
5.794893851818639,3.0106755074737843
5.794893851818639,3.0106755074737843
5.80160472444561,3.0125998192339836
5.808315597072581,3.0145241309941824
5.808315597072581,3.0145241309941824
5.811679259215477,3.015456957064332
5.815042921358373,3.016389783134482
5.818406583501268,3.0173226092046317
5.8217702456441645,3.0182554352747815
5.82513390778706,3.0191882613449312
5.831861232072851,3.021053913485231
5.835224894215747,3.021986739555381
5.838588556358643,3.022919565625531
5.845331990758159,3.024726463427094
5.845331990758159,3.024726463427094
5.848711420658729,3.025600443424479
5.852090850559299,3.026474423421865
5.85547028045987,3.027348403419251
5.858849710360441,3.0282223834166366
5.858849710360441,3.0282223834166366
5.865608570161581,3.0299703434114083
5.868988000062151,3.030844323408794
5.875761942118769,3.0325332568531462
5.879156110369929,3.033348124554994
5.88255027862109,3.034162992256842
5.885944446872251,3.0349778599586896
5.8927468331776,3.036548314580343
5.8927468331776,3.036548314580343
5.8995492194829495,3.038118769201996
5.906364964893392,3.0396297835814243
5.909772837598613,3.0403852907711384
5.909772837598613,3.0403852907711384
5.9166015960799285,3.0418367881944017
5.923430354561243,3.043288285617665
5.923430354561243,3.043288285617665
5.926850893649487,3.043984202160437
5.9302714327377295,3.0446801187032086
5.937112510914215,3.0460719517887522
5.937112510914215,3.0460719517887522
5.940533050002458,3.046767868331524
5.9473861005537545,3.0480999664162214
5.9473861005537545,3.0480999664162214
5.9542391511050505,3.0494320645009187
5.957671314646973,3.0500681784138277
5.961103478188895,3.0507042923267367
5.96796780527274,3.0519765201525546
5.971399968814663,3.0526126340654636
5.971399968814663,3.0526126340654636
5.978275223930355,3.0538249270416142
5.981717966455695,3.0544010445582
5.985160708981034,3.054977162074786
5.988603451506375,3.055553279591372
5.9920461940317145,3.056129397107958
5.9920461940317145,3.056129397107958
5.995488936557054,3.056705514624544
6.002374421607734,3.0578577496577157
6.002374421607734,3.0578577496577157
6.009269787018511,3.058949868249135
6.01616515242929,3.060041986840554
6.019617425245323,3.0605579324698406
6.026530800556085,3.061529544006626
6.026530800556085,3.061529544006626
6.026530800556085,3.061529544006626
6.033444175866847,3.0625011555434116
6.0403575511776095,3.063472767080197
6.0403575511776095,3.063472767080197
6.043818302688593,3.0639283836601474
6.047279054199577,3.0643840002400977
6.057669085040218,3.0656904253399135
6.057669085040218,3.0656904253399135
6.061137261067716,3.066085574085304
6.0646054370952145,3.0664807228306943
6.0646054370952145,3.0664807228306943
6.07153471642487,3.06733153135056
6.0750028924523685,3.06772668009595
6.078471068479867,3.0681218288413405
6.081939244507366,3.068516977586731
6.088882317130306,3.069246723925159
6.088882317130306,3.069246723925159
6.088882317130306,3.069246723925159
6.095825389753247,3.069976470263587
6.102768462376188,3.0707062166020154
6.102768462376188,3.0707062166020154
6.102768462376188,3.0707062166020154
6.1097115349991284,3.0714359629404435
6.113186079103127,3.071770523485138
6.116660623207127,3.0721050840298325
6.120135167311126,3.072439644574527
6.127084255519124,3.0731087656639153
6.127084255519124,3.0731087656639153
6.130558799623123,3.0734433262086096
6.134033343727123,3.0737778867533043
6.1409880947161675,3.0743863486224914
6.1409880947161675,3.0743863486224914
6.144467948516874,3.074660219056107
6.147947802317581,3.074934089489723
6.154907509918994,3.0754818303569547
6.154907509918994,3.0754818303569547
6.1583873637197,3.0757557007905705
6.165351674590325,3.0762426928471367
6.168831528391032,3.0765165632807525
6.168831528391032,3.0765165632807525
6.172311382191738,3.0767904337143683
6.1792756930623645,3.0772774257709345
6.18624000393299,3.0777644178275008
6.18624000393299,3.0777644178275008
6.193204314803615,3.078251409884067
6.196688418303852,3.0784645067830168
6.200172521804088,3.0786776036819665
6.200172521804088,3.0786776036819665
6.207136832674713,3.0791645957385327
6.207136832674713,3.0791645957385327
6.214105039675186,3.0795907895364323
6.214105039675186,3.0795907895364323
6.221073246675658,3.080016983334332
6.224557350175894,3.0802300802332816
6.2280414536761315,3.0804431771322314
6.231525557176368,3.080656274031181
6.238497306532018,3.0810216479326287
6.238497306532018,3.0810216479326287
6.245469055887669,3.081387021834076
6.245469055887669,3.081387021834076
6.252440805243321,3.0817523957355237
6.2559280971514095,3.081904654188428
6.259415389059498,3.0820569126413324
6.262902680967587,3.0822091710942368
6.262902680967587,3.0822091710942368
6.2698797451458725,3.0824528155441357
6.2698797451458725,3.0824528155441357
6.2768568093241575,3.0826964599940347
6.283833873502442,3.0829401044439337
6.290810937680727,3.0831837488938327
6.290810937680727,3.0831837488938327
6.29430035573377,3.0832751225212918
6.297789773786814,3.083366496148751
6.301279191839857,3.08345786977621
6.30825944555944,3.0835797105581007
6.311749926846896,3.0836101715268223
6.315240408134352,3.083640632495544
6.318730889421809,3.0836710934642655
6.325712206429786,3.0836710934642655
6.325712206429786,3.0836710934642655
6.332693523437763,3.0836710934642655
6.3361840047252205,3.083640632495544
6.339674486012678,3.0836101715268223
6.343164967300134,3.0835797105581007
6.350145929875047,3.0835187886206574
6.350145929875047,3.0835187886206574
6.357126183594628,3.0833969478387666
6.357126183594628,3.0833969478387666
6.364106437314211,3.083275107056876
6.364106437314211,3.083275107056876
6.367595855367254,3.0831837334294168
6.374574691473341,3.0830009861744987
6.378064109526384,3.0829096125470397
6.381553527579427,3.0828182389195806
6.3885305917577115,3.0825745944696816
6.3885305917577115,3.0825745944696816
6.3920178836658,3.0824223360167773
6.395505175573889,3.082270077563873
6.398992467481977,3.0821178191109686
6.405964216837629,3.081752445209521
6.405964216837629,3.081752445209521
6.405964216837629,3.081752445209521
6.412935966193279,3.0813870713080735
6.41990771554893,3.081021697406626
6.423391819049166,3.0808086005076762
6.426875922549403,3.0805955036087265
6.430360026049639,3.0803824067097767
6.430360026049639,3.0803824067097767
6.437324336920264,3.0798954146532105
6.44428864779089,3.0794084225966443
6.44428864779089,3.0794084225966443
6.447768501591596,3.0791345521630284
6.454723252580641,3.0785260902938414
6.454723252580641,3.0785260902938414
6.461678003569686,3.0779176284246543
6.461678003569686,3.0779176284246543
6.468627091777684,3.077248507335266
6.472101635881684,3.076913946790571
6.472101635881684,3.076913946790571
6.479044708504624,3.076184200452143
6.485987781127564,3.0754544541137148
6.485987781127564,3.0754544541137148
6.489455957155063,3.0750593053683244
6.49639230921006,3.0742690078775436
6.4998604852375585,3.0738738591321533
6.503328661265058,3.073478710386763
6.506789412776041,3.0730230938068126
6.513710915798009,3.072111860646912
6.517171667308993,3.0716562440669617
6.520632418819977,3.0712006274870114
6.520632418819977,3.0712006274870114
6.527545794130739,3.070229015950226
6.530998066946772,3.0697130703209394
6.534450339762805,3.069197124691653
6.537902612578839,3.0686811790623665
6.544797977989617,3.0675890604709473
6.544797977989617,3.0675890604709473
6.548240720514957,3.0670129429543613
6.5516834630402965,3.0664368254377754
6.558568948090977,3.0652845904046035
6.562011690616317,3.0647084728880176
6.562011690616317,3.0647084728880176
6.568886945732008,3.0634961799118674
6.572319109273931,3.0628600659989584
6.575751272815853,3.0622239520860495
6.579183436357776,3.0615878381731405
6.579183436357776,3.0615878381731405
6.586036486909072,3.060255740088443
6.592889537460368,3.058923642003746
6.592889537460368,3.058923642003746
6.596310076548611,3.058227725460974
6.603151154725097,3.0568358923754304
6.603151154725097,3.0568358923754304
6.609979913206413,3.055384394952167
6.613387785911634,3.054628887762453
6.620203531322076,3.053117873383025
6.620203531322076,3.053117873383025
6.627005917627425,3.0515474187613716
6.627005917627425,3.0515474187613716
6.6337942541297465,3.049917683357676
6.637188422380907,3.049102815655828
6.637188422380907,3.049102815655828
6.6439623644375265,3.047413882211476
6.650721224238667,3.0456659222167053
6.654100654139237,3.04479194221932
6.654100654139237,3.04479194221932
6.660844088538752,3.0429850444177573
6.664207750681649,3.042052218347607
6.67091862330862,3.040127906587408
6.67091862330862,3.040127906587408
6.677645947594412,3.0382622544471083
6.677645947594412,3.0382622544471083
6.684339687156706,3.0362794784569953
6.687686556937853,3.035288090461939
6.691033426719001,3.0342967024668823
6.694380296500149,3.0333053144718254
6.694380296500149,3.0333053144718254
6.701056563157763,3.031264174916993
6.704385621088206,3.0302145269834164
6.711025248120965,3.0280571813848325
6.711025248120965,3.0280571813848325
6.714335480137406,3.026949593245665
6.7209559441702895,3.0247344169673305
6.7209559441702895,3.0247344169673305
6.7209559441702895,3.0247344169673305
6.7275764082031735,3.022519240688996
6.734177373116363,3.0202463461950284
6.737467770890065,3.019081155232347
6.737467770890065,3.019081155232347
6.744028062965828,3.016693404188677
6.750588355041592,3.0143056531450063
6.750588355041592,3.0143056531450063
6.753857916285519,3.013083214287265
6.757127477529446,3.0118607754295237
6.757127477529446,3.0118607754295237
6.760397038773372,3.0106383365717826
6.766936161261225,3.0081934588563
6.766936161261225,3.0081934588563
6.773453782171044,3.0056915785950253
6.776701510945166,3.0044122642089426
6.7831744753585745,3.0017970168270276
6.7831744753585745,3.0017970168270276
6.789647439771985,2.999181769445112
6.789647439771985,2.999181769445112
6.796120404185393,2.996566522063197
6.796120404185393,2.996566522063197
6.802593368598802,2.993951274681282
6.805818275613474,2.992615474458413
6.812244611802807,2.9898876565855446
6.81867094799214,2.9871598387126763
6.81867094799214,2.9871598387126763
6.825097284181473,2.9844320208398076
6.825097284181473,2.9844320208398076
6.8346761375397795,2.980200584233767
6.8346761375397795,2.980200584233767
6.84105388798078,2.9773610267896946
6.84105388798078,2.9773610267896946
6.847406535446741,2.974465958547314
6.85058285917972,2.9730184244261237
6.8537591829127,2.9715708903049336
6.85693550664568,2.9701233561837435
6.8632627286137815,2.967172924125171
6.8632627286137815,2.967172924125171
6.869589950581883,2.964222492066599
6.869589950581883,2.964222492066599
6.8758911046012345,2.961216995771606
6.87904168161091,2.9597142476241096
6.87904168161091,2.9597142476241096
6.885316447773007,2.9566538396812247
6.8884403183631004,2.9550963352590647
6.891564188953194,2.953538830836905
6.894688059543288,2.9519813264147454
6.894688059543288,2.9519813264147454
6.900908458544824,2.948811874817453
6.904004671154092,2.9472000885515652
6.90710088376336,2.9455883022856773
6.910197096372629,2.943976516019789
6.913293308981897,2.942364729753901
6.9163895215911655,2.940752943488013
6.9163895215911655,2.940752943488013
6.9225536586383445,2.937475413681974
6.925621270130433,2.935809836538068
6.925621270130433,2.935809836538068
6.931727267567398,2.932425226890611
6.937833265004362,2.9290406172431545
6.940871340955094,2.927321756572163
6.943909416905826,2.925602895901172
6.943909416905826,2.925602895901172
6.946947492856559,2.9238840352301803
6.949985568807292,2.9221651745591886
6.953023644758024,2.9204463138881973
6.959038874722045,2.916903072655267
6.962046489704055,2.915131452038802
6.968030646359129,2.911535807966677
6.968030646359129,2.911535807966677
6.974014803014202,2.9079401638945517
6.976991040878832,2.9061163229854143
6.982911533476112,2.902416788613168
6.982911533476112,2.902416788613168
6.9858554876324765,2.9005412829709676
6.98879944178884,2.8986657773287674
6.994687350101568,2.894914766044367
6.997631304257932,2.893039260402167
6.997631304257932,2.893039260402167
7.003452851640222,2.889186062246013
7.006363625331366,2.8872594631679367
7.00927439902251,2.8853328640898606
7.012185172713655,2.8834062650117835
7.017972946819185,2.879502362084043
7.017972946819185,2.879502362084043
7.020849653395245,2.8775252564308333
7.02656841349416,2.87352093750036
7.02656841349416,2.87352093750036
7.032287173593073,2.8695166185698877
7.032287173593073,2.8695166185698877
7.0351289367813585,2.867489608587079
7.040812463157929,2.8634355886214613
7.040812463157929,2.8634355886214613
7.046460467260501,2.8593320734425935
7.046460467260501,2.8593320734425935
7.049266421432416,2.8572557765770625
7.054841949101885,2.8530543151202745
7.054841949101885,2.8530543151202745
7.060417476771353,2.8488528536634865
7.063186767206075,2.8467279023753727
7.068688120082698,2.8424297744465257
7.068688120082698,2.8424297744465257
7.071419903227534,2.840256816016575
7.076883469517206,2.835910899156675
7.079615252662042,2.8337379407267247
7.082347035806878,2.831564982296775
7.082347035806878,2.831564982296775
7.087772538125278,2.827171497147272
7.090465981852619,2.824951193479673
7.093159425579959,2.8227308898120747
7.095852869307299,2.820510586144476
7.101200868406911,2.8160230820724546
7.101200868406911,2.8160230820724546
7.1065094361284995,2.811489136913971
7.109163719989293,2.80922216433473
7.114432586817785,2.8046420082774017
7.114432586817785,2.8046420082774017
7.117046902291455,2.8023290573283264
7.12223503190095,2.7976576444455956
7.12223503190095,2.7976576444455956
7.127423161510445,2.792986231562865
7.129996712251173,2.7906280067912204
7.135143813732629,2.7859115572479305
7.137717364473357,2.783553332476286
7.140290915214085,2.7811951077046406
7.140290915214085,2.7811951077046406
7.145396727250046,2.776433860954124
7.147928729329346,2.7740310806980197
7.1504607314086455,2.7716283004419155
7.152992733487945,2.769225520185812
7.158014672670564,2.764375889889393
7.160504354816075,2.761929286058972
7.160504354816075,2.761929286058972
7.162994036961584,2.759482682228551
7.165483719107094,2.7570360783981305
7.170420255705048,2.7520995418001766
7.170420255705048,2.7520995418001766
7.1728668595354685,2.7496098596546665
7.177760067196309,2.7446304953636464
7.177760067196309,2.7446304953636464
7.182609697492728,2.7396085561810275
7.185012477748831,2.7370765541017277
7.189773724499347,2.731970742065767
7.189773724499347,2.731970742065767
7.194534971249864,2.7268649300298065
7.194534971249864,2.7268649300298065
7.1992514207931535,2.7217178285483494
7.201609645564798,2.7191442778076214
7.201609645564798,2.7191442778076214
7.206281058447529,2.713956148198126
7.206281058447529,2.713956148198126
7.208594009396605,2.7113418327244556
7.213219911294757,2.706113201777115
7.213219911294757,2.706113201777115
7.217800067352085,2.7008443349486217
7.220067039931326,2.6981900510878285
7.222334012510567,2.6955357672270353
7.226867957669049,2.690227199505448
7.229134930248291,2.6875729156446537
7.229134930248291,2.6875729156446537
7.233622434320313,2.682224916545041
7.233622434320313,2.682224916545041
7.235842737987911,2.679531472817701
7.240283345323108,2.67414458536302
7.240283345323108,2.67414458536302
7.244676830472611,2.668719083044619
7.244676830472611,2.668719083044619
7.251147916831409,2.6604859470231603
7.251147916831409,2.6604859470231603
7.255446044760256,2.654984594146537
7.255446044760256,2.654984594146537
7.255446044760256,2.654984594146537
7.259744172689103,2.649483241269914
7.261869123977218,2.646713950835192
7.266070585434005,2.641138423165724
7.268146882299536,2.6383324689938092
7.268146882299536,2.6383324689938092
7.272250397478404,2.6326844648912373
7.274277407461213,2.6298427017029513
7.276304417444022,2.6270009385146653
7.276304417444022,2.6270009385146653
7.280407932622889,2.6213529344120934
7.282434942605699,2.6185111712238074
7.282434942605699,2.6185111712238074
7.286439261536171,2.6127924111248935
7.288416367189381,2.609915704548834
7.2923705784958015,2.604162291396714
7.2923705784958015,2.604162291396714
7.296274481423542,2.598374517291183
7.298201080501618,2.5954637436000394
7.3001276795796946,2.592552969908896
7.302054278657771,2.5896421962177523
7.302054278657771,2.5896421962177523
7.305856576416129,2.5837871711176654
7.309658874174488,2.5779321460175786
7.309658874174488,2.5779321460175786
7.311534379816688,2.5749881918612143
7.315182061634964,2.5690357161319533
7.317005902544101,2.566059478267323
7.317005902544101,2.566059478267323
7.320601546616226,2.56007532161225
7.324197190688351,2.554091164957177
7.324197190688351,2.554091164957177
7.325968811304817,2.5510835499751656
7.329459469808806,2.5450375520943846
7.329459469808806,2.5450375520943846
7.331178330479798,2.541999476143652
7.334616051821781,2.5359233242421864
7.338000661469238,2.5298173268052224
7.338000661469238,2.5298173268052224
7.339666238613144,2.5267497153131333
7.3429437684191825,2.520585578265955
7.346221298225221,2.514421441218776
7.346221298225221,2.514421441218776
7.34783308449111,2.5113252286095076
7.3510025360884015,2.5051048296079728
7.3510025360884015,2.5051048296079728
7.352560040510562,2.501980959017879
7.355620448453447,2.495706192855782
7.357123196600943,2.492555615846107
7.357123196600943,2.492555615846107
7.360073628659515,2.486228393878005
7.361521162780705,2.483052070145025
7.362968696901896,2.479875746412045
7.364416231023085,2.476699422679065
7.367255788467158,2.470321672238064
7.367255788467158,2.470321672238064
7.368647667629126,2.467120569320759
7.371431425953062,2.460718363486148
7.371431425953062,2.460718363486148
7.372767226175932,2.4574934564714748
7.374103026398801,2.4542685494568026
7.375438826621671,2.4510436424421305
7.378054074003585,2.4445706780287217
7.379333388389668,2.441322949254599
7.379333388389668,2.441322949254599
7.381835268650943,2.434805328344779
7.3830577075086845,2.431535767100853
7.3830577075086845,2.431535767100853
7.3866106495150365,2.4216850772513876
7.3866106495150365,2.4216850772513876
7.388883544009004,2.415084112338197
7.388883544009004,2.415084112338197
7.392264026642139,2.4051729154085653
7.392264026642139,2.4051729154085653
7.394421372240723,2.398533288375807
7.394421372240723,2.398533288375807
7.3965206681078755,2.3918751725149225
7.397570316041452,2.3885461145844804
7.398561704036508,2.3851992448033323
7.399553092031565,2.381852375022185
7.400544480026621,2.378505505241038
7.40246879178682,2.3717946326140673
7.40340161785697,2.368430970471171
7.40340161785697,2.368430970471171
7.405208515658532,2.361687536071655
7.406082495655918,2.3583081061710844
7.406082495655918,2.3583081061710844
7.407830455650689,2.3515492463699426
7.408645323352538,2.3481550781187814
7.409460191054385,2.344760909867621
7.410275058756232,2.341366741616461
7.4118455133778856,2.3345643553111124
7.4118455133778856,2.3345643553111124
7.4126010205676,2.3311564826058913
7.4140525179908625,2.3243277241245766
7.414748434533634,2.320907185036334
7.414748434533634,2.320907185036334
7.41671664653124,2.3106219709431137
7.41671664653124,2.3106219709431137
7.417928939507391,2.303746715827421
7.418505057023976,2.3003039733020816
7.419081174540562,2.296861230776742
7.419657292057147,2.2934184882514024
7.420173237686434,2.289966215435369
7.421205128945008,2.2830616698033035
7.421205128945008,2.2830616698033035
7.4221767404817935,2.2761482944925406
7.422632357061744,2.2726875429815574
