0.0034904812874511134,-3.0460968721697317e-05
0.006980962575757774,-6.092183988813183e-05
0.013961925151938323,-0.0001218436308531079
0.02792420473352837,-6.092140044543897e-05
0.02792420473352837,-6.092140044543897e-05
0.034905521741494513,-6.092125395958331e-05
0.048868155757426854,-6.092096098787199e-05
0.05584947276540138,-6.092081450201633e-05
0.06981210678133364,-6.0920521530305005e-05
0.08377474079726593,-6.092022855859369e-05
0.09075605780524047,-6.092008207273803e-05
0.10471869182117269,-6.0919789101026706e-05
0.11868132583710501,-6.091949612931539e-05
0.12217180712519946,-9.138039161183988e-05
0.13264254213648108,-0.00024368184938951574
0.1500956574398677,-0.00027414281627228377
0.15707591116286135,-0.0003959834025639251
0.16754664617415127,-0.0005482848597676605
0.17801844446957113,-0.0005787458276017506
0.18499869819257256,-0.0007005864134420866
0.1989599144921791,-0.0008833487406554099
0.20594016821517222,-0.0010051893264956006
0.21292042193817368,-0.0011270299123359374
0.22688092938416005,-0.0013707110840163216
0.24084143683014622,-0.001614392255696703
0.24433085488575468,-0.0017057657851504973
0.2548005266658333,-0.0019189798277079492
0.26875961649364516,-0.002223567765288429
0.2687596164936452,-0.0022235677652884295
0.2827201239345197,-0.0024672492298314728
0.29318979570864423,-0.002680463564757475
0.2966792137648878,-0.002771837069961473
0.31063511406119687,-0.0031982283833402393
0.3211015963019051,-0.0035332461671319197
0.3315712680864655,-0.003746459990234404
0.3420377503341939,-0.004081477554705556
0.355991878728239,-0.004568765380711545
0.355991878728239,-0.004568765380711548
0.37342798422881657,-0.005330040843226687
0.38388702554678544,-0.0058476721014979315
0.38737431746656753,-0.005999930286543278
0.40481573778477115,-0.006639476178225941
0.4152747790774009,-0.00715710794848931
0.42224652846365407,-0.007522481265950237
0.4292211123053278,-0.007826997587534554
0.44316461107781746,-0.008557744222455534
0.4501363604640706,-0.008923117539916465
0.46059221336839623,-0.009501587464481629
0.4710480662888746,-0.01008005709708315
0.47801981567512214,-0.0104454304146502
0.49196331444760094,-0.011176177049783437
0.49893152148375597,-0.01160237026409886
0.5059032708700038,-0.011967743581665913
0.512875020256243,-0.012333116899232522
0.5198467696424826,-0.012698490216799144
0.5268185190287303,-0.01306386353436619
0.5407620178012092,-0.013794610169499429
0.5477366016428785,-0.014099126491189908
0.5477366016428784,-0.014099126491189903
0.5547111854845473,-0.014403642812880377
0.5616857693262162,-0.014708159134570846
0.5616857693262162,-0.014708159134570842
0.5686603531678855,-0.015012675456261323
0.5686603531678855,-0.015012675456261317
0.5721476450887244,-0.015164933617106741
0.5721476450887245,-0.015164933617106736
0.5686582270286729,-0.015073560257489323
0.568658227028673,-0.015073560257489321
0.5721487083176121,-0.015104021055693214
0.565167391309646,-0.01510402120127852
0.565167391309646,-0.01510402120127852
0.5616769100228302,-0.015134482242789179
0.5616769100228302,-0.01513448224278918
0.5581874919691416,-0.015225855845560533
0.5547002000589141,-0.015378114249344434
0.5547002000589141,-0.01537811424934444
0.5547002000589141,-0.015378114249344441
0.5547002000589142,-0.015378114249344448
0.5547002000589141,-0.015378114249344448
0.5581747441956464,-0.015043554044612429
0.561642920264548,-0.014648405662660275
0.5651036718359945,-0.014192789542014889
0.5685559447349327,-0.013676844467468283
0.5754308510054118,-0.012464614190535841
0.5822839018545487,-0.011132517638157816
0.5822839018545487,-0.01113251763815783
0.5959410727783883,-0.008229599536107123
0.6095458462672602,-0.005088694096688781
0.6163482330117037,-0.0035182413769777737
0.6265163440195269,-0.0010144430737772025
0.636654634527487,0.0016074938008299863
0.6433980694952243,0.0034143894817194953
0.6636283743984357,0.008835076524388148
0.6737029100667971,0.011692211186500323
0.6804137833525178,0.013616520649355032
0.6938684332014216,0.017347820323997693
0.7005793064871423,0.019272129786852495
0.720711926344281,0.02504505817540991
0.7274227996299935,0.02696936763826229
0.744273332128346,0.031515983543061586
0.747636994564539,0.03244880855561053
0.7543478678099816,0.03437311815890148
0.7711658384783796,0.03903714838543387
0.77452950089512,0.039969973468125836
0.7880002606842972,0.043642519360953584
0.7947275855308537,0.045508169479157194
0.7980912479541357,0.04644099453826011
0.811578117814194,0.050054786181495566
0.8183215527442231,0.051861682003113405
0.8250649876742606,0.05366857782473339
0.8318084226042898,0.05547547364635113
0.8452952924643479,0.05908926528958658
0.8520387273943855,0.060896161111206555
0.8587821623244144,0.0627030569328243
0.8722690321844726,0.06631684857605985
0.8722690321844727,0.06631684857605986
0.8857559020445316,0.06993064021929542
0.8959092747542019,0.07249355067989417
0.9026681350196343,0.07424150887937164
0.9128215076575694,0.07680441962415938
0.9263543105243154,0.08024130909029605
0.9297337406814689,0.08111528809554298
0.9432816257627992,0.08449315110134002
0.9568295108441299,0.0878710141071371
0.9568295108441299,0.08787101410713709
0.9771513384661257,0.09293780861583269
0.9839252810067908,0.09462674011873123
0.9906992235474643,0.09631567162163178
0.9974731660881377,0.09800460312453237
1.0110059689308815,0.10144149268506437
1.0245538540122285,0.10481935569086552
1.0313277965528942,0.10650828719376414
1.0448756816342244,0.10988615019956122
1.0482551117852816,0.11076012922838248
1.055013972099642,0.11250808723863544
1.068516267344044,0.11606294107046188
1.075259702274093,0.11786983689203742
1.0853825673613144,0.12055071171873726
1.0955359399995088,0.12311362246249917
1.098915370156737,0.1239876014674588
1.1124481729999205,0.12742449102637257
1.129344980609536,0.13179429742491483
1.1327244107850478,0.1326682763591778
1.1394983533611054,0.1343572077201252
1.1564256686825882,0.13860904940002303
1.159805098876366,0.1394830282636553
1.180126926710523,0.14454982192141394
1.186900869321909,0.14623875314066695
1.186900869321909,0.14623875314066698
1.200463148970938,0.149557417533788
1.2106312601011457,0.15206121533997494
1.2207993711613803,0.15456501343038132
1.2275877081648388,0.15619474674663952
1.2411499877442569,0.1595134114242387
1.2479239303202245,0.16120234278558165
1.254697872896184,0.1628912741469226
1.2682457580481037,0.16626913686960465
1.2716399265498364,0.16708400352773464
1.285202206106191,0.17040266829958534
1.2953703171664797,0.17290646638971896
1.3021442597778334,0.17459539760913745
1.308918202389187,0.17628432882855594
1.3224660876118506,0.17966219126738175
1.3326341987420096,0.1821659890738171
1.3428023098545718,0.1846697869516637
1.356350195147853,0.18804764910737404
1.356350195147853,0.188047649107374
1.3766720230877736,0.19311444234093933
1.383445965734414,0.19480337341879433
1.3902199083810625,0.19649230449665164
1.4037677936743433,0.19987016665236196
1.4105417363209836,0.201559097730217
1.4173005967327772,0.20330705536376253
1.4308484820260576,0.20668491751947277
1.4410018548785894,0.20924782741409947
1.4443812851088946,0.21012180613649203
1.457929170472837,0.21349966800879167
1.4647031131548078,0.2151885989449414
1.4714770558367882,0.2168775298810934
1.4850098589671097,0.22031441830939663
1.4917687194154596,0.22206237580155003
1.4985426620974394,0.22375130673770197
1.5120754652277615,0.22718819516600536
1.5188494079097323,0.22887712610215508
1.5256233505917123,0.23056605703830707
1.5391712359556549,0.2339439189106067
1.5493246088618016,0.23650682859283348
1.5560680439806844,0.23831372370967158
1.5628269044777194,0.24006168101357483
1.5763137747154687,0.2436754712472467
1.576313774715469,0.24367547124724673
1.5931643074674895,0.2482220862119118
1.5998916325481247,0.2500877354860522
1.6099661685352613,0.2529448690241747
1.6200407045024041,0.25580200263275277
1.6301316921819664,0.25860047633262534
1.6368751273386306,0.26040737130846214
1.6469496633057172,0.2632645049172386
1.6603878619124046,0.2670544628114476
1.6603878619124048,0.2670544628114476
1.6738096088864898,0.27090308033290905
1.6838841449333544,0.27376021366037906
1.6872478074671873,0.2746930383208486
1.7073804278078104,0.28046596502329313
1.7140913012546846,0.28239027392410787
1.7208021747015672,0.2843145828249249
1.734223921595316,0.28816320062655465
1.7476621201228906,0.2919531588012752
1.7543729935697727,0.2938774677020924
1.761083867016647,0.2958017766029071
1.7745546272667385,0.29947432080511743
1.7779182898070922,0.30040714544207153
1.7947362609310815,0.30507117402579303
1.8014471344182534,0.30699548278607397
1.8081580079054331,0.30891979154635724
1.8148688813926128,0.31084410030664034
1.8249759791597064,0.3135838196602374
1.8384628493469148,0.31719761008259717
1.845190174349356,0.31906325963870014
1.8619755835828824,0.3238447027813957
1.8653392461100886,0.3247775274657592
1.8788261163726905,0.3283913176066822
1.885569551503991,0.33019821267714383
1.8923129866353006,0.33200510774760755
1.9024039741973573,0.3348035818711922
1.909114847657574,0.336727890725474
1.9225365945780248,0.3405765084340424
1.9292474680382423,0.3425008172883243
1.9426692149586775,0.34634943499688803
1.9460160851691102,0.34734082154269663
1.95270982560386,0.34932359458741025
1.9660623607153616,0.35340586782165173
1.9727386282711195,0.3554470044387748
1.9827617660442456,0.35847952757825247
1.9961835128841545,0.3623281455676432
1.9961835128841545,0.3623281455676432
2.0129175239925354,0.36728497798176263
2.0229752676836124,0.3702006733113765
2.029686141103425,0.37212498230659846
2.0397438847128364,0.37504067791791496
2.056512501877007,0.3798806820568878
2.059859372066617,0.38087206867299583
2.0699171156964224,0.3837877642139636
2.0833388624555207,0.3876363824851759
2.083338862455521,0.3876363824851761
2.0967606092146194,0.3914850007563891
2.110182355973718,0.39533361902760145
2.1168932293532756,0.39725792816321015
2.123604102732825,0.3991822372988167
2.1370258494919234,0.4030308555700292
2.143736722871479,0.40495516470563736
2.150447596251029,0.406879473841244
2.163852209968317,0.4107865563490712
2.16719908013719,0.41177794303518295
2.180569087958786,0.41580185325822533
2.190592225604622,0.41883437681842567
2.1973030989437756,0.4207586860949393
2.2073608424309734,0.42367438212783387
2.2173839800764505,0.4267069056892169
2.227407117637205,0.4297394295306679
2.234100857946986,0.43172220299726877
2.2474708656838707,0.4357461135017765
2.254147133110983,0.43778725053968626
2.2608408734207632,0.4397700240062869
2.2741934082749706,0.44385229808210086
2.2808696757020814,0.4458934351200099
2.290892813284076,0.44892595889121756
2.3009159507815284,0.4519584829418569
2.3075922182088453,0.453999619979092
2.320962225946136,0.45802353048224986
2.3276384933734473,0.46006466751948316
2.3343147608007646,0.46210580455671835
2.3476672956553837,0.466188078631184
2.3610198305100027,0.4702703527056494
2.36769609793732,0.4723114897428844
2.381048632791939,0.47639376381735005
2.3810486327919382,0.4763937638173499
2.3910539585455015,0.4794845475327813
2.4077355518696053,0.4846164678198716
2.414393668522033,0.48671576117653187
2.42106993594927,0.48875689821402973
2.4344224708037276,0.4928391722890209
2.447756854883385,0.4969796026831767
2.451085913209603,0.4980292493615082
2.4610912389846225,0.5011200330074845
2.4744437737538862,0.5052023073611349
2.474443773753886,0.5052023073611348
2.491088727243993,0.5104504345193925
2.5010940530194192,0.5135412181640585
2.504423111323848,0.5145908649114923
2.517757495346604,0.5187312954888973
2.5277628210575713,0.5218220793422218
2.534439088399572,0.5238632166585165
2.5411153557415647,0.5259043539748086
2.554467890425551,0.5299866286073933
2.554467890425551,0.5299866286073933
2.564473216049925,0.533077412741035
2.574478541760858,0.5361681965944696
2.574478541760858,0.5361681965944696
2.5811548091031953,0.5382093339096348
2.5878310764455312,0.5402504712248
2.5945073437878765,0.5422916085399682
2.5945073437878756,0.542291608539968
2.5978364020704334,0.5433412553567553
2.6011654603822305,0.5443909020808255
2.6011654603822305,0.5443909020808255
2.6011654603822305,0.5443909020808256
2.601165460382231,0.5443909020808259
2.6011654603822314,0.5443909020808261
2.5978364020777893,0.5433412553334479
2.5978364020777893,0.5433412553334479
2.6011654604115955,0.5443909019876986
2.601165460411596,0.5443909019876987
2.6011654604115964,0.5443909019876988
2.604494518716095,0.5454405487349041
2.607804751158169,0.5465481356019718
2.607804751158169,0.5465481356019719
2.6110951494122365,0.5477133252081301
2.620925004320833,0.5513235107832003
2.624194566136949,0.5525459481105484
2.6339817500078695,0.5562702627169308
2.6404993721409538,0.558772139791458
2.647016994274046,0.561274016865989
2.660052238540214,0.5662777710150441
2.673087482806383,0.5712815251640995
2.679605104939476,0.5737834022386301
2.686122727072559,0.5762852793131574
2.705675593471812,0.5837909105367406
2.7121932156049033,0.5862927876112709
2.725161640096264,0.5914666574245286
2.7349269916289756,0.595247847297184
2.7413999573939916,0.5978630913337425
2.75763827479712,0.6042595249707244
2.7673589698884085,0.6081540819869657
2.773831935653113,0.6107693260242951
2.7835526308529484,0.614663882769599
2.7965657117844884,0.6197243854424397
2.8030611705833457,0.622283011039724
2.809578792716038,0.6247848881152837
2.819321980914315,0.628622826511207
2.8257949466790757,0.6312380705484011
2.835538134984573,0.6350760086721292
2.8452588300757555,0.6389705656886288
2.848506559510915,0.6402498783965697
2.858227254683605,0.644144435209627
2.867947949965336,0.6480389917505254
2.8776686451385367,0.6519335485623478
2.884141610903606,0.6545487925987544
2.8906145766686753,0.6571640366351601
2.8970875424337525,0.6597792806715694
2.9035830013043946,0.6623379060866014
2.910055967069465,0.6649531501230079
2.9100559670694652,0.6649531501230082
2.916551425940107,0.66751177553804
2.9197991553754266,0.6687910882455554
2.923046884774991,0.6700704010438551
2.926294614183511,0.6713497138194061
2.929542343556343,0.6726290266855611
2.929542343556343,0.672629026685561
2.929542343556343,0.6726290266855609
2.929542343556343,0.6726290266855608
2.929542343556343,0.6726290266855607
2.926317435879263,0.6712932280619017
2.926317435879263,0.671293228061902
2.926317435879263,0.6712932280619022
2.926317435879263,0.6712932280619024
2.9231163322328606,0.6699013505767591
2.9231163322328606,0.6699013505767593
2.9231163322328606,0.6699013505767595
2.919940007701209,0.6684538182081022
2.916789429838806,0.6669510718484017
2.9167894298388064,0.6669510718484021
2.913665558321439,0.6653935692860798
2.913665558321439,0.6653935692860797
2.9105693447075724,0.6637817849500198
2.910569344707572,0.6637817849500197
2.9075617284730946,0.6620101664598226
2.910537967639779,0.6638340052441873
2.9105047872124654,0.6638850987046806
2.9076280790595095,0.6619079953458741
2.9104698438787198,0.6639350030421999
2.91327579977911,0.6660112975718177
2.915969245541093,0.6682315987711925
2.9185827668039916,0.6705438427597599
2.9236044559128866,0.675393221788646
2.923604455912886,0.675393221788646
2.925962683420015,0.6779667700227552
2.9305426129898025,0.6832353641054256
2.9349358816120175,0.6886605856940214
2.9370608362693114,0.6914298735434703
2.9453656185424655,0.702653108237297
2.9493699449095376,0.7083718631290368
2.953324163697616,0.7141252711391354
2.961081081681272,0.7257342887016175
2.964883387381178,0.7315893086443942
2.972282284365034,0.7434299832270556
2.9794735894126623,0.7553982863805869
2.9812452142769175,0.7584058988604528
2.988226548447417,0.7704978847131853
2.9952078826179167,0.7825898705659178
3.000417414686195,0.7916739370033878
3.005520898046665,0.8008180031120682
3.0141150481102787,0.8160080623628153
3.017499666467109,0.8221140549720829
3.0242689031807615,0.8343260401906052
3.027653521537588,0.8404320327998669
3.0293191030570226,0.8434996419162317
3.0358741803402394,0.8558279066146378
3.0391517189818473,0.8619920389638394
3.0424292576234597,0.8681561713130492
3.048984334906676,0.8804844360114528
3.052261873548284,0.8866485683606561
3.055539412189897,0.8928127007098658
3.060589612130556,0.901986302400036
3.0673053932705354,0.9142275133823085
3.067305393270535,0.9142275133823087
3.0757934946700094,0.929477572277147
3.0810030263587693,0.9385616389322482
3.082721891299545,0.9415997124672476
3.0895442393247277,0.9537818522651624
3.0965255732423747,0.9658738382638794
3.100016240201203,0.9719198312632461
3.1035069071600256,0.9779658242626041
3.1104882410776726,0.9900578102613213
3.1139789080365006,0.9961038032606873
3.1175221576812393,1.002119028269754
3.1245034915988867,1.0142110142684717
3.1279941585577147,1.0202570072678374
3.1349754924753626,1.0323489932665548
3.1384661594341865,1.038394986265914
3.145447493351841,1.0504869722646457
3.148938160310664,1.0565329652640036
3.1559194942283115,1.0686249512627202
3.1559194942283115,1.0686249512627204
3.16290082814596,1.080716937261439
3.1699347447495225,1.0927781552698643
3.173425411708351,1.0988241482692298
3.180406745625997,1.1109161342679474
3.1857740228888476,1.1199078983993183
3.1875456476271897,1.1229155109533537
3.1964035915338225,1.137953268269656
3.1999992436816744,1.1439374200723238
3.203594895829531,1.1499215718749976
3.2107862001252343,1.161889875480332
3.218133432338538,1.1737628338916317
3.221729084486394,1.1797469856943064
3.2253767743376405,1.185699456500934
3.2325680786333444,1.1976677601062689
3.2343919235589706,1.2006439955095871
3.2416352654750327,1.21258061816927
3.2453348077959028,1.2185011057996773
3.249034350116779,1.2244215934300917
3.2563815822474873,1.236294551892502
3.2600811245683583,1.2422150395229095
3.2637288143782013,1.248167510354919
3.2692522016039893,1.2570642334013293
3.2728478538773835,1.2630483851285732
3.2800391584241626,1.2750166885830467
3.2854586556856122,1.2839770756753366
3.289106345495497,1.289929546507311
3.2928058878164177,1.2958500341376966
3.2982253848276306,1.3048104213813354
3.3054166893745838,1.316778724835704
3.309012341648063,1.3227628765628954
3.312555591124931,1.328778101670846
3.3178704653402327,1.337800939332772
3.3196420901624837,1.3408085518373805
3.32318533976492,1.346823776871365
3.3267809921633176,1.3528079285234889
3.3285526169645387,1.3558155410404849
3.3320958666088423,1.361830766049808
3.3356391162531462,1.36784599105913
3.3374107410753004,1.3708536035637948
3.3391823658764044,1.3738612160808557
3.3426730329613554,1.3799072090073943
3.3462162827315836,1.385922433942552
3.349759532501808,1.3919376588777026
3.3567934493569838,1.4039988767393923
3.3567934493569833,1.403998876739392
3.3620557413270453,1.4130524821335058
3.3708086999608375,1.428152080698332
3.3725803248459294,1.4311596931659236
3.3778426167527424,1.4402132985968021
3.3848239511758025,1.452305284303717
3.3918052855988683,1.4643972700106407
3.395295952810402,1.4704432628641018
3.4037840547397034,1.485693321464043
3.405502919871216,1.4887313948911283
3.40899358720976,1.4947773876712542
3.4175877382282915,1.5099674463817327
3.4193066034234767,1.5130055197727932
3.426128952469154,1.5251876589992015
3.4312324363408395,1.5343317248225632
3.4329513015997004,1.5373697981775976
3.4381078973127606,1.5464840182786257
3.4433174303965246,1.5555680841337203
3.4467551608720317,1.5616442308676741
3.4519646937019637,1.5707282968683358
3.4588930921080108,1.5828504360425808
3.460611957430564,1.5858885093615793
3.4657154416855604,1.5950325749710075
3.4744156428477555,1.6101626331797898
3.4744156428477564,1.6101626331797896
3.481344041170509,1.6222847724016414
3.4883253766093034,1.6343767575221202
3.4918160443287043,1.6404227500823667
3.497183322722699,1.6494145135385452
3.5061984741358883,1.6643590512249737
3.5098980172012184,1.6702795383902003
3.515317515339059,1.6792399249524215
3.522560859089219,1.6911765464991437
3.5243847044514482,1.69415278163491
3.531783790829584,1.7059937558107032
3.53548333401865,1.7119142428985996
3.539182877207722,1.7178347299865027
3.5465819635858566,1.7296757041622945
3.5502296542685796,1.7356281744593907
3.5539291974576543,1.7415486615472937
3.561328283835786,1.7533896357230871
3.5668516723662154,1.7622863579595307
3.5686755177909566,1.76526259305699
3.5723750611046006,1.7711830800670407
3.5797222952262215,1.7830560372974344
3.58342183853987,1.788976524307493
3.590820925167159,1.8008174983275946
3.5944686159751367,1.8067699685479357
3.5962924613791247,1.8097462036581107
3.6035358053800595,1.8216828250526582
3.6071314585314846,1.827666976252315
3.6143227648343457,1.8396352786516428
3.6179184179857735,1.8456194298513007
3.6250573214965756,1.857618805639069
3.628652974648006,1.8636029568387327
3.635844280950858,1.875571259238046
3.6411065738076642,1.8846248641167531
3.6411065738076642,1.8846248641167527
3.6480879095010437,1.8967168490902455
3.6515785773477334,1.9027628415769928
3.658559913041123,1.9148548265505019
3.6636633974896387,1.9239988920519242
3.668819993840774,1.933113111791945
3.6723106616870824,1.9391591042789222
3.675748392417975,1.9452352508683761
3.6843425447122073,1.960425308857094
3.684342544712208,1.9604253088570944
3.6928306486679663,1.9756753663291187
3.6962683793987967,1.9817515129186074
3.6997590472450423,1.9877975054056194
3.7065813970582937,1.9999796442021651
3.71168488150613,2.0091237097039656
3.715069500759211,2.015229701816427
3.7202790342247662,2.024313767452581
3.72720743295083,2.036435906443918
3.7289262983535876,2.03947397971754
3.734135831740239,2.0485580453989334
3.741064230212576,2.060680184535289
3.742783095551745,2.0637182578448865
3.7514832965848557,2.078848316127896
3.754973964252323,2.084894308718116
3.754973964252323,2.084894308718116
3.7619552995872563,2.0969862938985595
3.7689366349221904,2.1090782790790032
3.768936634922191,2.1090782790790037
3.7759179702571246,2.121170264259448
3.779408637924592,2.127216256849669
3.7828993055920623,2.1332622494398983
3.786389973259529,2.13930824203012
3.786389973259529,2.13930824203012
3.7898806409270005,2.145354234620351
3.7933713085944674,2.151400227210572
3.7933713085944674,2.1514002272105714
3.793371308594468,2.151400227210571
3.7969145589442435,2.1574154518043382
3.796914558944243,2.1574154518043382
3.7969145589442426,2.1574154518043382
3.795142933769354,2.154407839507454
3.7951429337693536,2.154407839507454
3.795142933769353,2.154407839507454
3.7951429337693527,2.154407839507454
3.7951429337693523,2.154407839507454
3.795142933769352,2.154407839507454
3.7933190884323995,2.151431604356205
3.793319088432399,2.151431604356205
3.7933190884323986,2.151431604356205
3.793319088432398,2.151431604356205
3.7914435784926943,2.1484876529376633
3.791443578492694,2.148487652937663
3.789516975246964,2.145576882005038
3.78753986555502,2.142700178204735
3.78753986555502,2.1427001782047355
3.7855128516621135,2.139858417805505
3.7855128516621144,2.1398584178055047
3.783339889702189,2.1371266374685445
3.781119582572987,2.134433196594741
3.7811655608925676,2.134393228149807
3.7788073330290497,2.1318196802422658
3.7788073330290497,2.1318196802422658
3.7788073330290497,2.1318196802422658
3.7788073330290493,2.1318196802422653
3.7788496529129487,2.1317758566197704
3.7788088882290154,2.1318211304864683
3.781463174417096,2.1340881003407994
3.784156620408377,2.1363084012620104
3.784194127650657,2.1362603940829796
3.7870000837658457,2.13833668832232
3.792718557249701,2.142340798646299
3.7956616162863352,2.144215730421374
3.7956616162863344,2.144215730421373
3.8047152333021677,2.149478002396585
3.81082092332157,2.15286243556318
3.813917137068069,2.1544742196444653
3.8201375382836433,2.15764366689645
3.8326867563210945,2.1637643186426225
3.8453412036371075,2.1696651755117187
3.854895280266576,2.173952261604719
3.867699043673083,2.179519491456932
3.870923951340844,2.1808552901031044
3.8805751965599593,2.1849189034128336
3.8968135136510993,2.1913153378418517
3.903331135662014,2.1938172152346618
3.9131609905705655,2.197427400809861
3.9262815766901387,2.202202897489966
3.9295719749440368,2.2033680870966164
3.9460643048576616,2.209079060366032
3.9559556690333713,2.2125171415392995
3.9625566348675054,2.214790033358642
3.972467833166849,2.218170511975886
3.985747088860101,2.222485198163328
3.992386716706735,2.2246425412570514
3.9990071815753048,2.226857715037753
4.01222861221452,2.231345780822144
4.01553884464881,2.2324533677124965
4.028740776221678,2.2369991516281886
4.035341742008113,2.239272043586035
4.041942707794556,2.2415449355438843
4.055144639367425,2.246090719459577
4.0617456051538605,2.2483636114174237
4.068346570940303,2.2506365033752735
4.081548502513171,2.255182287290966
4.09475043408604,2.2597280712066588
4.09475043408604,2.2597280712066588
4.10793219631521,2.264331342561496
4.1178235603230116,2.267769424217838
4.124383853383001,2.270157172557359
4.134255048144962,2.2736527413764978
4.147456979718341,2.278198525290718
4.154037776161344,2.2805289046869768
4.163888467376243,2.284081842907548
4.1770090534968185,2.288857339584898
4.180299451750959,2.290022529190857
4.190150143040708,2.293575467203906
4.203270729261886,2.298350963604855
4.209831022372483,2.3007387118053333
4.222951608593661,2.305514208206282
4.229511901704251,2.3079019564067567
4.236072194814847,2.310289704607234
4.249213284482803,2.3150078318809912
4.255773577593393,2.3173955800814663
4.26233387070399,2.319783328281943
4.275454456925167,2.3245588246828928
4.282014750035757,2.326946572883368
4.288575043146354,2.3293343210838455
4.298404898030662,2.3329445067250516
4.311504314823302,2.3377771294421037
4.314773876631076,2.338999566791762
4.3278944629518135,2.343775062919177
4.33445475611218,2.3461628109828845
4.344284611071766,2.3497729964191647
4.354114466056548,2.353383181786796
4.367213882714084,2.358215804870059
4.373774175824437,2.3606035530712015
4.373774175824436,2.360603553071201
4.386894762045129,2.36537904947348
4.400015348265813,2.3701545458757542
4.409845203149762,2.373764731517958
4.419675058090341,2.37737491700595
4.426235351171323,2.3797626652877906
4.439355937333274,2.3845381618514674
4.445916230414248,2.3869259101333054
4.455766921759471,2.390478847992599
4.465658285869619,2.3939169293544853
4.48210994320682,2.399742758584427
4.48210994320682,2.3997427585844266
4.495311874915161,2.404288542106679
4.508452964491641,2.409006669635219
4.515053930345819,2.4112795613963476
4.528255862054158,2.4158253449186002
4.534856827908329,2.418098236679726
4.541457793762508,2.4203711284408556
4.554679224566648,2.4248591937394024
4.567900655370785,2.4293472590379497
4.567900655370784,2.4293472590379497
4.581102587079126,2.4338930425602023
4.587703552933295,2.436165934321329
4.594304518787473,2.438438826082458
4.607525949591612,2.442926891381006
4.614126915445783,2.4451997831421313
4.620727881299962,2.4474726749032603
4.633929813008303,2.4520184584255134
4.6405307788624715,2.4542913501866392
4.653732710570829,2.458837133708897
4.660333676424998,2.4611100254700236
4.673515438791354,2.465713296432022
4.680116404645532,2.467986188193151
4.686717370499702,2.4702590799542774
4.699919302208042,2.47480486347653
4.703209700464139,2.475970053076968
4.719620684890493,2.4819107392176294
4.7262014813539786,2.484241118556016
4.732802447160662,2.486514010455081
4.7460043787740105,2.4910597942532062
4.752585175237499,2.4933901735915933
4.762435866483655,2.4969431117255447
4.772286557754615,2.500496049790682
4.785468319928701,2.5050993213032546
4.792069285687947,2.507372213340092
4.801960649654607,2.5108102951147955
4.811811340925697,2.5143632331795716
4.815101739133094,2.5155284229175336
4.831553396104812,2.5213542531795663
4.838154361816372,2.5236271453548613
4.844755327527941,2.5259000375301612
4.854646691422483,2.5293381195123437
4.867767277384667,2.5341136166248726
4.874327570365768,2.5365013651811394
4.88088786334686,2.5388891137374037
4.894069625552812,2.5434923851587263
4.897360023768308,2.544657574873821
4.910501113147518,2.5493757029518025
4.920351804319351,2.552928641291774
4.923642202559347,2.554093830937685
4.936823964830117,2.5586971021733937
4.943424930637092,2.560969994071584
4.956626862251061,2.5655157778679714
4.963207658714857,2.5678461572054894
4.983010556135783,2.5746648329000617
4.992941253491747,2.577987593412398
4.992941253491748,2.577987593412398
5.012821811077515,2.5845752840614757
5.012821811077515,2.5845752840614757
5.026101066772079,2.5888899702448787
5.039380322466643,2.5932046564282816
5.046038439120143,2.5953039497815733
5.056007125294168,2.598510939549919
5.069304869675979,2.6027675763665523
5.072633927973393,2.6038172231362373
5.082602614080181,2.607024213113592
5.095936997959471,2.6111646441530345
5.099266056234893,2.612214290992468
5.109271381860335,2.615305075122659
5.1226239164317295,2.6193873501235063
5.1226239164317295,2.6193873501235063
5.135958300224291,2.6235277814422604
5.145926986174325,2.6267347719068748
5.152566613931252,2.628892115276685
5.162535299970951,2.632099105462577
5.175833044174581,2.6363557428358386
5.182509311460368,2.6383968803360043
5.192477997410527,2.6416038708002296
5.20575725292441,2.645918557539711
5.20575725292441,2.645918557539711
5.222365566721085,2.651282891095246
5.232334252671301,2.654489881559293
5.238973880428149,2.6566472249293493
5.24561350818499,2.658804568299403
5.258892763698671,2.6631192550395104
5.268842623843712,2.6663841854376864
5.278792484011549,2.6696491157663425
5.292071739434618,2.6739638027853325
5.292071739434618,2.673963802785333
5.308661227222612,2.6793860769019595
5.318611087390483,2.6826510072305174
5.32192131975548,2.6837585943279594
5.331871179854909,2.6870235248650935
5.345150435187836,2.691338212161506
5.351790062854305,2.6934955558097142
5.358410527537883,2.6957107301433014
5.3716706198879205,2.700083248125094
5.378310247554394,2.7022405917733034
5.384930712237969,2.7044557661068898
5.398190804588008,2.708828284088682
5.40483043225448,2.7109856277368904
5.418090524604517,2.7153581457186826
5.428001722527144,2.718738625440422
5.431311954899789,2.719846212515006
5.444591210322638,2.72416089953466
5.451230838034063,2.7263182430444877
5.461180698110369,2.729583173652121
5.471091896127152,2.732963653097797
5.484313326391523,2.7374517199864536
5.487623558733306,2.738559307153279
5.497573418764334,2.7418242378988618
5.5108335110227715,2.7461967561584393
5.514143743341362,2.747304343394579
5.527365173543087,2.751792410467788
5.53398563819572,2.754007584893848
5.540586603744816,2.756280477540999
5.553788534842995,2.7608262628352955
5.560389500392085,2.7630991554824442
5.56699046594118,2.7653720481295947
5.57359143149027,2.7676449407767443
5.590103594914764,2.77329831328407
5.593413827210089,2.7744059005897435
5.606615758212659,2.7789516861616987
5.613216723713946,2.781224578947677
5.619817689215239,2.7834974717336576
5.632999450866899,2.7881007447422275
5.642890814443373,2.791538827639501
5.65278217811583,2.7949769102606723
5.659383143664666,2.797249802908554
5.672585074762338,2.801795588204318
5.6791860403111825,2.804068480852203
5.6890367311542756,2.807621420103621
5.698907925550757,2.811116989954848
5.705508891099749,2.813389882602311
5.718690652848006,2.8179931553342694
5.728541343691329,2.821546094585058
5.731831741823561,2.8227112845352766
5.744972830865445,2.827429413552792
5.758154592710215,2.832032686008375
5.761444990834289,2.8331978759816363
5.771336354579113,2.8366359583945746
5.781207548878432,2.8401315285201796
5.787767841689251,2.8425192775442927
5.804219498245338,2.848345108980034
5.8108204637948795,2.850618001625872
5.814110861894806,2.8517831916673124
5.82729262367635,2.8563864643039523
5.833852916437299,2.858774213465054
5.843703607306328,2.862327152644618
5.85355429815063,2.865880091892694
5.866736060029316,2.870483364251162
5.873296352840663,2.872871113273827
5.8798771491059645,2.875201493171866
5.892997734728643,2.8799769912171898
5.896288132861299,2.8811421811662097
5.90946989470785,2.885745453616703
5.919361258429882,2.889183536095206
5.925921551291417,2.8915712849799777
5.932502347605715,2.893901664739697
5.94562293332874,2.898677162509225
5.9522037296430375,2.9010075422689434
5.962054420661708,2.9045604810335712
5.978465404376221,2.9105011691406593
5.985025697237934,2.912888918024943
5.9915859900996375,2.915276666909221
5.998146282961342,2.917664415793501
6.004706575823055,2.9200521646777844
6.017827161546466,2.9248276624463436
6.0309477472698765,2.929603160214905
6.037508040131587,2.931990909099188
6.044068332993291,2.934378657983467
6.057167749147593,2.939211282430807
6.063728042009306,2.9415990313150893
6.07355789651731,2.9452092179808997
6.083387751126331,2.948819404371657
6.089948043988351,2.951207153255105
6.10306862971237,2.9559826510219933
6.109607753005276,2.958427526584219
6.116168045867294,2.960815275467666
6.12926746202221,2.965647899913337
6.1358065853151205,2.968092775475564
6.148927171039152,2.972868273242458
6.155487463901162,2.9752560221259015
6.16858688005608,2.9800886465715726
6.175147172918096,2.9824763954550204
6.1817074657801045,2.9848641443384647
6.194828051504123,2.9896396421053524
6.20138834436614,2.9920273909887998
6.214570106342513,2.9966306630675343
6.221130399204522,2.999018411950978
6.234250984928556,3.003793909717873
6.24414234874755,3.007231991917414
6.257344279944146,3.011777776925881
6.257344279944145,3.0117777769258804
6.270546211140741,3.016323561934348
6.283748142337339,3.0208693469428147
6.2903491079356435,3.023142239447051
6.296950073533942,3.0254151319512848
6.310152004730539,3.0299609169597517
6.31346223708084,3.0310685041011145
6.329974400588245,3.036721876366275
6.336575366234111,3.03899476873236
6.343176331879989,3.041267661098447
6.349777297525855,3.0435405534645317
6.3629590594703345,3.048143825634599
6.369560025116207,3.0504167180006863
6.376160990762075,3.052689610366771
6.392653320203115,3.0584005850009315
6.395943718384919,3.0595657748111713
6.4091456497718085,3.0641115592669874
6.415746615465254,3.066384451494897
6.4223475811587045,3.0686573437228066
6.4355495125455935,3.0732031281786245
6.445440876412734,3.0766412102396465
6.455332240376137,3.080079292023771
6.461933206117362,3.0823521841129082
6.471804400711939,3.08584775340473
6.478364693724428,3.0882355018747565
6.484924986736908,3.09062325034478
6.491485279749391,3.093010998814804
6.498045572761881,3.0953987472848308
6.504584696208864,3.097843622434971
6.511123819655846,3.100288497585111
6.511123819655847,3.100288497585111
6.51766294310283,3.1027333727352513
6.5209325048263205,3.103955810310322
6.520932504826321,3.103955810310322
6.520932504826322,3.103955810310322
6.524202066584035,3.105178247793868
6.524202066584036,3.105178247793868
6.524202066584036,3.1051782477938676
6.524202066584036,3.1051782477938668
6.524202066584036,3.105178247793866
6.524202066584036,3.105178247793865
6.524202066584036,3.105178247793864
6.524202066584036,3.105178247793863
6.524202066584036,3.1051782477938623
6.524202066584036,3.1051782477938614
6.524202066584036,3.1051782477938605
6.524202066584036,3.1051782477938596
6.524202066584036,3.1051782477938588
6.524202066584036,3.105178247793858
6.520911668353145,3.104013058122252
6.520911668353147,3.1040130581222525
6.520911668353149,3.104013058122253
6.51760143593299,3.102905471189695
6.514272377649211,3.101855824376777
6.51427237764921,3.1018558243767766
6.514272377649209,3.1018558243767758
6.510892947527653,3.1009818452339006
6.510892947527653,3.100981845233901
6.50747240828294,3.1002859294602376
6.50747240828294,3.1002859294602376
6.507472408282939,3.100285929460237
6.50748088697275,3.100225600410178
6.504012710933594,3.0998304517671404
6.504012710933596,3.099830451767142
6.504012710933595,3.099830451767142
6.504012710933592,3.0998304517671422
6.500523292886789,3.0997390779014884
6.504013774171948,3.099769539132735
6.504012710943821,3.0997086264738885
6.504015899341997,3.0997694649204406
6.507495753194855,3.099495595149512
6.507502121258866,3.0995561833515217
6.510962872889164,3.099100567677863
6.517857888524139,3.0980085063857854
6.517857888524138,3.0980085063857867
6.5212657615168945,3.097253000493072
6.52803936032315,3.095564155419031
6.538113896360249,3.092707022057125
6.541460766608831,3.0917156356401216
6.558069081171393,3.086351304455824
6.564669712112465,3.084078528696553
6.564669712112464,3.0840785286965517
6.58099502644784,3.077909719199378
6.590715721933501,3.074015163167486
6.600366967648864,3.0699515510363313
6.60994582365176,3.0657201204169846
6.619449372224305,3.0613221604422085
6.628901106322496,3.0568139224343644
6.63517587458952,3.053753518807253
6.6540001793906,3.0445723079259164
6.6540001793906,3.0445723079259164
6.669673587585988,3.0368939983981265
6.675893988855984,3.033724551252969
6.682114390125985,3.030555104107805
6.697651406428844,3.0226044257676574
6.706968021595267,3.0178231948329173
6.713160449121268,3.0145996267337565
6.722477064154523,3.0098183955395252
6.73483363125534,3.0033173023917854
6.734833631255339,3.003317302391785
6.747161910224929,2.9967622519487436
6.756422263517736,2.991872942764115
6.759518477280733,2.990261158714522
6.771875044245336,2.9837600653078793
6.781191659311939,2.9789788341786325
6.787412060515785,2.975809386903633
6.793632461719626,2.9726399396286363
6.806073264127305,2.966301045078643
6.8122936653311585,2.963131597803642
6.8185140665349975,2.9599621505286464
6.830954868942678,2.9536232559786515
6.837175270146528,2.950453808703651
6.849616072554208,2.9441149141536593
6.855836473758048,2.9409454668786625
6.862056874961894,2.937776019603663
6.871401147838068,2.9330490700771534
6.880745420582212,2.9283221202896517
6.88699316392705,2.9252071157869652
6.896337436803482,2.9204801662609654
6.90570905169056,2.915807659245855
6.908832923363183,2.9142501569949104
6.915080666686729,2.9111351524495332
6.924452281672049,2.9064626456314686
6.93067268294296,2.9032931984880905
6.933796554648248,2.901735696302678
6.936920426310059,2.900178194030066
6.940044298015357,2.8986206918446666
6.943168169709782,2.897063189637454
6.946292041415041,2.895505687451983
6.949415913076736,2.8939481851791387
6.949415913076736,2.8939481851791387
6.949415913076735,2.8939481851791387
6.949415913076734,2.8939481851791387
6.9494159130767335,2.8939481851791387
6.949415913076733,2.8939481851791387
6.946319699313537,2.895559969228348
6.946319699313538,2.8955599692283474
6.9463196993135385,2.895559969228347
6.943252086617305,2.8972255441544874
6.943252086617304,2.897225544154487
6.940214009411837,2.898944402607731
6.9402140094118385,2.898944402607731
6.937206393087174,2.9007160209448055
6.934230153789379,2.9025398595152168
6.934230153789379,2.9025398595152168
6.931286198106897,2.904415362761883
6.928375422794334,2.906341959390249
6.928375422794335,2.906341959390249
6.925498714499091,2.908319062542019
6.922656949491613,2.910346069974404
6.9198509933982795,2.9124223642432865
6.922620285814332,2.9102974155373036
6.91988850058269,2.9124703713437645
6.919888500582691,2.912470371343765
6.919927660403124,2.9125170402941074
6.922541978291625,2.9102040920745185
6.925115531560534,2.9078458700619034
6.925115531560535,2.9078458700619043
6.929964921345485,2.902824191340024
6.932323149181575,2.900250643407349
6.9346361032618224,2.897636330703914
6.9389340197223905,2.8921352623922005
6.9389340197223905,2.8921352623922
6.943037334123476,2.88648755051941
6.950844957908733,2.874912307024001
6.952720467816383,2.8719683555850315
6.958243856050537,2.863071633164651
6.963611134080827,2.8540798694913714
6.967101801724721,2.8480338768875297
6.972258397515925,2.8389196568307113
6.977308598430861,2.8297460556768947
6.983863677368308,2.8174177918580434
6.987087259607109,2.8112253716926854
6.995146051543394,2.7957446356673947
6.998315513065703,2.7895242417229227
7.002933440426831,2.7801256123389186
7.00921792111087,2.7676574823602635
7.012278339241044,2.761382721166855
7.018399175501386,2.748833198780045
7.021459593631558,2.742558437586642
7.027580429891908,2.7300089151998197
7.0306408480220774,2.7237341540064173
7.036761684282419,2.7111846316196124
7.039822102412595,2.704909870426202
7.044275298006179,2.6954320786783414
7.050231247215036,2.6828037125269297
7.050231247215036,2.68280371252693
7.0561321322305215,2.6701492783358307
7.059082574738266,2.663822061240281
7.062033017246014,2.657494844144723
7.067988966454873,2.6448664779933093
7.070994473155985,2.638565328937447
7.076895358171479,2.625910894746331
7.079845800679224,2.6195836776507817
7.085746685694711,2.606929243459684
7.085746685694711,2.606929243459684
7.091647570710198,2.5942748092685846
7.09738221742043,2.581544420832189
7.100332659928178,2.575217203736632
7.106233544943665,2.562562769545531
7.110520652287127,2.553008702451557
7.111968191742406,2.5498323811494696
7.117869077021746,2.537177947081406
7.122267059094413,2.527674408735136
7.126554166904683,2.518120341850614
7.130841274648622,2.5085662749363435
7.135239257187556,2.4990627368058504
7.138189699961238,2.4927355198343015
7.143924347206531,2.4800051316389364
7.1482114549515545,2.4704510647251476
7.149658994540409,2.4672747434839364
7.155393642051376,2.454544355408248
7.158344084957099,2.4482171384982787
7.16274206742939,2.4387136003369267
7.167140049968168,2.429210062206363
7.172985571742912,2.416530202671901
7.175936014516854,2.4102029857004736
7.178886457290792,2.4038757687290544
7.184787342838669,2.3912213347862137
7.184787342838669,2.3912213347862137
7.190688228386548,2.3785669008433725
7.196589113934422,2.3659124669005314
7.198091867417532,2.362761892435822
7.20404781706935,2.3501335264933223
7.208501013260103,2.3406557350260453
7.211451456166511,2.334328518116388
7.215904652621978,2.3248507267734877
7.221970578069529,2.3122748168224176
7.223473331530576,2.309124242347181
7.227926527787593,2.299646450911041
7.232379723780409,2.2901686593507486
7.235330166422075,2.2838414423176485
7.241286115898229,2.2712130762923026
7.245849287753714,2.261787740753032
7.248909706016658,2.255512979624378
7.253472877608822,2.2460876439576225
7.257981137860119,2.2366359204690442
7.261041556122818,2.230361159340272
7.265494751916571,2.220883367686462
7.270057923771801,2.2114580321470676
7.2731183420351435,2.2051832710186083
7.279239178561815,2.1926337487617005
7.28229959682515,2.186358987633248
7.285360015088491,2.180084226504786
7.29148085161516,2.167534704247874
7.294541269878496,2.1612599431194233
7.299159197701998,2.151861313962586
7.303777125460049,2.142462684773606
7.30683754385512,2.1361879237094037
7.309897962250197,2.129913162645194
7.31295838064527,2.123638401580996
7.319133818291834,2.1111159045254535
7.322194236686912,2.104841143461244
7.328478717897319,2.0923730137479035
7.331593737148811,2.086125277756564
7.3346541555438876,2.079850516692356
7.340774992334032,2.06730099456395
7.346895829124181,2.054751472435549
7.349956247519257,2.048476711371337
7.353016665914332,2.042201950307139
7.360640256100048,2.0265018536722708
7.363590698874866,2.0201746367012516
7.369656624412235,2.0075987267935056
7.37410982067059,1.9981209353579934
7.375612574066359,1.9949703608516218
7.384463901995332,1.9759887097541753
7.387414344638325,1.9696614927216929
7.390364787281318,1.9633342756892023
7.394762769358974,1.953830737345243
7.4006082912255495,1.9411508778531148
7.4020558307489575,1.9379745565820763
7.407956716299783,1.9253201226406118
7.412354698576339,1.9158165843886954
7.4138022381660384,1.9126402631478647
7.419703123980939,1.8999858293295397
7.423990231927956,1.8904317625063936
7.4254377715842805,1.8872554412959288
7.431172419366154,1.8745250533422766
7.4341228624065225,1.8681978364950964
7.440023748487265,1.8555434028007154
7.442974191527636,1.8492161859535294
7.448875077608365,1.836561752259178
7.448875077608365,1.8365617522591786
7.454775963689103,1.823907318564814
7.459173946363624,1.8144037804970667
7.460621486086765,1.8112274593170523
7.466522372434177,1.7985730257470411
7.469472815607886,1.7922458089620381
7.472423258781598,1.785918592177026
7.475373701955304,1.7795913753920218
7.4782687813574835,1.7732387330119008
7.4782687813574835,1.7732387330119006
7.481219224531194,1.7669115162268947
7.484169667704899,1.7605842994418917
7.484169667704899,1.7605842994418914
7.487120110878607,1.754257082656886
7.487120110878606,1.754257082656886
7.487120110878605,1.754257082656886
7.487120110878604,1.754257082656886
7.490125618242938,1.7479559339173647
7.490125618242938,1.7479559339173647
7.487120110878603,1.7542570826568857
7.487120110878602,1.7542570826568857
7.487120110878601,1.7542570826568857
7.4871201108786005,1.7542570826568857
7.4871201108786,1.7542570826568857
7.487120110878599,1.7542570826568857
7.487120110878598,1.7542570826568857
7.487120110878597,1.7542570826568857
7.487120110878596,1.7542570826568857
7.487120110878595,1.7542570826568857
7.487120110878594,1.7542570826568857
7.487120110878593,1.7542570826568857
7.4871201108785925,1.7542570826568857
7.487120110878592,1.7542570826568857
7.487120110878591,1.7542570826568857
7.48712011087859,1.7542570826568857
7.487120110878589,1.7542570826568857
7.487120110878588,1.7542570826568857
7.487120110878587,1.7542570826568857
7.487120110878586,1.7542570826568857
7.487120110878585,1.7542570826568857
7.4871201108785845,1.7542570826568857
7.487120110878584,1.7542570826568857
7.487120110878583,1.7542570826568857
7.487120110878582,1.7542570826568857
7.487120110878581,1.7542570826568857
7.48712011087858,1.7542570826568857
7.487120110878579,1.7542570826568857
7.487120110878578,1.7542570826568857
7.487120110878577,1.7542570826568857
7.4871201108785765,1.7542570826568857
7.487120110878576,1.7542570826568857
7.487120110878575,1.7542570826568857
7.487120110878574,1.7542570826568857
7.487120110878573,1.7542570826568857
7.487120110878572,1.7542570826568857
7.487120110878571,1.7542570826568857
7.48712011087857,1.7542570826568857
7.487120110878569,1.7542570826568857
7.4871201108785685,1.7542570826568857
7.487120110878568,1.7542570826568857
7.487120110878567,1.7542570826568857
7.487120110878566,1.7542570826568857
7.487120110878565,1.7542570826568857
7.487120110878564,1.7542570826568857
7.487120110878563,1.7542570826568857
7.487120110878562,1.7542570826568857
7.487120110878561,1.7542570826568857
7.4871201108785606,1.7542570826568857
7.48712011087856,1.7542570826568857
7.487120110878559,1.7542570826568857
7.487120110878558,1.7542570826568857
7.487120110878557,1.7542570826568857
7.487120110878556,1.7542570826568857
7.487120110878555,1.7542570826568857
7.487120110878554,1.7542570826568857
7.4871201108785534,1.7542570826568857
7.487120110878553,1.7542570826568857
7.487120110878552,1.7542570826568857
7.487120110878551,1.7542570826568857
7.48712011087855,1.7542570826568857
7.487120110878549,1.7542570826568857
7.487120110878548,1.7542570826568857
7.487120110878547,1.7542570826568857
