0.0034904812874567027,3.0460968721746086e-05
0.0034904812874567027,3.0460968721746086e-05
0.0034904812874567027,3.0460968721746086e-05
0.0034904812874567027,3.0460968721746086e-05
0.0034904812874567027,3.0460968721746086e-05
0.0034904812874567027,3.0460968721746086e-05
0.0034904812874567027,3.0460968721746086e-05
0.0034904812874567027,3.0460968721746086e-05
0.0034904812874567027,3.0460968721746086e-05
0.0034904812874567027,3.0460968721746086e-05
0.006979899340500194,0.00012183459618084758
0.006979899340500194,0.00012183459618084758
0.006979899340500194,0.00012183459618084758
0.006979899340500194,0.00012183459618084758
0.010467191248588768,0.0002740930490852334
0.010467191248588768,0.0002740930490852334
0.010467191248588768,0.0002740930490852334
0.010467191248588768,0.0002740930490852334
0.01743894060423935,0.0006394669505328538
0.01743894060423935,0.0006394669505328538
0.01743894060423935,0.0006394669505328538
0.01743894060423935,0.0006394669505328538
0.020923044104475645,0.000852563849482781
0.020923044104475645,0.000852563849482781
0.020923044104475645,0.000852563849482781
0.02440289790518222,0.0011264342830985116
0.02440289790518222,0.0011264342830985116
0.02440289790518222,0.0011264342830985116
0.027877442009181283,0.0014609948277929626
0.027877442009181283,0.0014609948277929626
0.03134561803668008,0.001856143573183224
0.03134561803668008,0.001856143573183224
0.03134561803668008,0.001856143573183224
0.034806369547663675,0.0023117601531335483
0.03826712105864727,0.0027673767330838725
0.04172787256963086,0.0032229933130341966
0.04172787256963086,0.0032229933130341966
0.04172787256963086,0.0032229933130341966
0.04518014538566395,0.003738938942320715
0.04518014538566395,0.003738938942320715
0.05207551079644168,0.004831057533739913
0.05207551079644168,0.004831057533739913
0.05551825332178158,0.0054071750503258634
0.05551825332178158,0.0054071750503258634
0.058950416863704475,0.0060432889632346725
0.058950416863704475,0.0060432889632346725
0.06580346741500051,0.007375387047932009
0.06580346741500051,0.007375387047932009
0.06922400650324342,0.008071303590703667
0.06922400650324342,0.008071303590703667
0.0760397519136857,0.009582317970131822
0.0760397519136857,0.009582317970131822
0.07944762461890684,0.010337825159845888
0.07944762461890684,0.010337825159845888
0.08625001092425595,0.01190827978149914
0.08625001092425595,0.01190827978149914
0.0896441791754165,0.012723147483346894
0.0896441791754165,0.012723147483346894
0.09641812123203483,0.014412080927698969
0.09979755113260542,0.015286060925084602
0.09979755113260542,0.015286060925084602
0.10655641093374665,0.017034020919855866
0.10655641093374665,0.017034020919855866
0.11329984533326308,0.018840918721418545
0.11329984533326308,0.018840918721418545
0.11666350747615876,0.019773744791568428
0.12337438010313008,0.02169805655176754
0.12337438010313008,0.02169805655176754
0.12337438010313008,0.02169805655176754
0.13006811966542509,0.02368083254188088
0.1334149894465726,0.024672220536937548
0.1334149894465726,0.024672220536937548
0.14009125610418693,0.026713360091769715
0.14009125610418693,0.026713360091769715
0.14676752276180124,0.028754499646601876
0.14676752276180124,0.028754499646601876
0.15009658069224338,0.02980414758017828
0.1567362077250024,0.03196149317876213
0.1567362077250024,0.03196149317876213
0.1567362077250024,0.03196149317876213
0.1633758347577614,0.034118838777345985
0.17001546179052043,0.03627618437592984
0.17001546179052043,0.03627618437592984
0.17001546179052043,0.03627618437592984
0.17665508882327943,0.038433529974513686
0.1799653208397213,0.039541118113681044
0.1799653208397213,0.039541118113681044
0.18327555285616315,0.0406487062528484
0.18658578487260502,0.04175629439201576
0.19318674978579498,0.044029188885983284
0.19318674978579498,0.044029188885983284
0.19318674978579498,0.044029188885983284
0.199787714698985,0.04630208337995082
0.199787714698985,0.04630208337995082
0.2030781124726874,0.0474672743426325
0.2063685102463898,0.04863246530531418
0.2063685102463898,0.04863246530531418
0.2129493057937946,0.050962847230677524
0.21623970356749703,0.05212803819335923
0.21623970356749703,0.05212803819335923
0.21953010134119944,0.053293229156040914
0.22282049911490182,0.054458420118722595
0.22609006035882812,0.05568085897646391
0.22935962160275442,0.056903297834205224
0.23589874409060702,0.059348175549687854
0.23916830533453332,0.06057061440742917
0.23916830533453332,0.06057061440742917
0.24568592624435295,0.06307249466870374
0.2489336550184753,0.0643518090547866
0.2489336550184753,0.0643518090547866
0.25540661943188436,0.06696705643670155
0.25540661943188436,0.06696705643670155
0.2618795838452935,0.0695823038186165
0.2651044908599658,0.0709181040414859
0.26832939787463816,0.07225390426435531
0.27155430488931054,0.07358970448722474
0.2779806410786437,0.07631752236009307
0.2779806410786437,0.07631752236009307
0.28440697726797687,0.0790453402329614
0.28440697726797687,0.0790453402329614
0.29080918310258747,0.08182909855689717
0.29401028601989276,0.08322097771886505
0.30038803646089346,0.08606053516293773
0.30038803646089346,0.08606053516293773
0.3067657869018942,0.08890009260701043
0.30994211063487404,0.0903476267282006
0.3162693326029753,0.09329805878677275
0.3162693326029753,0.09329805878677275
0.32574713158075214,0.0977512389928415
0.3320218977428493,0.10081164693572661
0.3320218977428493,0.10081164693572661
0.3351457683329432,0.10236915135788643
0.3413935095131309,0.10548416020220606
0.34761390851466595,0.1086536117994979
0.34761390851466595,0.1086536117994979
0.35383430751620093,0.11182306339678971
0.36005470651773597,0.11499251499408154
0.36315091912700476,0.11660430125996972
0.3662471317362736,0.11821608752585792
0.3693433443455424,0.1198278737917461
0.37550748139272105,0.12310540359778492
0.3816716184398997,0.12638293340382376
0.384739229931989,0.12804851054772998
0.39084522736895344,0.13143312019518677
0.3969512248059179,0.13481772984264356
0.3969512248059179,0.13481772984264356
0.40305722224288226,0.13820233949010033
0.4091632196798467,0.14158694913755715
0.4152692171168111,0.14497155878501392
0.41830729306754366,0.14669041945600533
0.4243532909483244,0.150181077959994
0.4303992888291051,0.15367173646398263
0.4334069038111159,0.15544335708044787
0.43641451879312676,0.15721497769691317
0.43942213377513767,0.1589865983133785
0.4454373637391593,0.16252983954630904
0.451421520394233,0.1661254836184345
0.4543977582588631,0.16794932452757172
0.46031825085614275,0.17164885889981782
0.4662387434534224,0.17534839327206392
0.46921498131805256,0.17717223418120118
0.47219121918268275,0.17899607509033846
0.47811171177996237,0.18269560946258456
0.48691069103641416,0.1883734128631437
0.48985464519277855,0.19024891850534412
0.49279859934914294,0.19212442414754452
0.49865362444923034,0.1959267219059033
0.5045415327619591,0.1996777331903041
0.5103965578620465,0.20348003094866288
0.5162515829621339,0.20728232870702165
0.5162515829621339,0.20728232870702165
0.5279616331623087,0.2148869242237392
0.5308724068534527,0.21681352330181566
0.5366601809589835,0.2207174262295562
0.5395709546501275,0.2226440253076327
0.5512810048503022,0.2302486208243502
0.5541917785414462,0.2321752199024267
0.559979552646977,0.23607912283016724
0.559979552646977,0.23607912283016724
0.5715551008580384,0.2438869286856483
0.5773428749635692,0.24779083161338883
0.5831306490690998,0.25169473454112934
0.5831306490690998,0.25169473454112934
0.5917607687972795,0.2576260515007593
0.5974795288961936,0.2616303704312319
0.6031982889951076,0.2656346893617044
0.6089170490940218,0.269639008292177
0.6146005754705927,0.27369302825779473
0.6203193355695068,0.27769734718826733
0.6231610987577921,0.2797243571710762
0.6288091028603645,0.28382787234994383
0.6344571069629371,0.2879313875288116
0.6401051110655096,0.29203490270767923
0.6457531151680822,0.29613841788654693
0.6485590693399972,0.29821471475207784
0.6570130276144848,0.30439452679647644
0.6626610317170573,0.3084980419753441
0.6654669858889722,0.310574338840875
0.6710425135584401,0.3147758002976627
0.6766180412279079,0.3189772617544504
0.6821935688973757,0.32317872321123803
0.6849628593320977,0.32530367449935216
0.6904642122087213,0.32960180242819964
0.695965565085345,0.3338999303570471
0.7014669179619686,0.3381980582858945
0.7041987011068044,0.3403710167158447
0.7123559865700406,0.3469374602952981
0.7150877697148764,0.34911041872524834
0.7205132720332769,0.35350390387475156
0.7232067157606172,0.3557242075423501
0.7312089987210239,0.36247868419361307
0.7364778655495166,0.3670588402509416
0.7391321494103101,0.3693258128301828
0.7417864332711037,0.371592785409424
0.7496696155732666,0.3784858924158281
0.7548577451827623,0.38315730529855935
0.7548577451827623,0.38315730529855935
0.7600458747922578,0.38782871818129055
0.7677252375689472,0.39494818970345236
0.7702572396482469,0.3973509699595562
0.7752791788308661,0.40220060025597537
0.7803011180134853,0.40705023055239464
0.7853230571961045,0.4118998608488138
0.7878127393416146,0.4143464646792345
0.7927492759395683,0.41928300127718826
0.7976858125375221,0.42421953787514205
0.8026223491354758,0.4291560744730958
0.8050689529658965,0.4316457566186058
0.8099185832623157,0.43666769580122505
0.8123213635184195,0.4391996978805248
0.8194408350405812,0.446879060657214
0.8217990598122259,0.44945261139794207
0.8241572845838706,0.45202616213867014
0.8288286974666019,0.4572142917481658
0.8357218044730059,0.4650974740503286
0.8379887770522472,0.4677517579111223
0.842476281124269,0.47309975701073537
0.842476281124269,0.47309975701073537
0.8490900699413707,0.4812187030564761
0.851263028371321,0.483950486201312
0.8555611563001684,0.4894518390779356
0.8555611563001684,0.4894518390779356
0.8618875690450702,0.4977966571821254
0.8639638659106013,0.5006026113540405
0.8639638659106013,0.5006026113540405
0.8700943910722778,0.5090923786448983
0.8720714967254878,0.5119690852209582
0.8759753996532285,0.5177568593264891
0.8759753996532285,0.5177568593264891
0.8818059016590455,0.5264554071231636
0.8836814073012458,0.529399361279528
0.8873809416734919,0.5353198538768077
0.8873809416734919,0.5353198538768077
0.8909764031990944,0.5413037067234487
0.8944670617030831,0.5473497046042294
0.8961859223740746,0.550387780554962
0.8978514995179808,0.5534553920470512
0.9011290293240197,0.5596195290942299
0.9027408155899078,0.5627157417034986
0.9059102671871997,0.5689361407050336
0.9074677716093595,0.5720600112951275
0.9089705197568562,0.5752105883048031
0.9119209518154283,0.5815378102729044
0.9133684859366185,0.5847141340058842
0.9147603650985864,0.5879152369231895
0.9174881829714546,0.5943415731125226
0.9188239831943241,0.5975664801271949
0.920103297580407,0.6008142089013172
0.9213257364381483,0.6040837701452436
0.9237706141536309,0.6106228926330962
0.9249358051163126,0.6139132904067987
0.9260433932554799,0.6172235224232405
0.9282007388540637,0.6238631494559996
0.92925038678764,0.6271922073864417
0.9312915263424723,0.6338684740440561
0.932282914337529,0.6372153438252036
0.9332157404076789,0.6405790059680994
0.9349045881069122,0.6473526041198306
0.93571945580876,0.6507467723709911
0.9365343235106077,0.6541409406221516
0.9372898307003218,0.6575488133273728
0.9393178453277908,0.6678224029669116
0.9393178453277908,0.6678224029669116
0.9399539592406997,0.6712545665088345
0.9405300767572856,0.6746973090341745
0.9415016389665224,0.6816103333611911
0.9415016389665224,0.6816103333611911
0.9423524474863878,0.6885396126908471
0.9427475962317781,0.6920077887183459
0.9433560272100883,0.6989621866230517
0.9433560272100883,0.6989621866230517
0.9438430192666547,0.7059264974936773
0.9442083746185089,0.7128978929020021
0.9442083746185089,0.7128978929020021
0.9442997482459681,0.7163873109550457
0.9444215890278588,0.7233675646746279
0.9444520499965805,0.7268580459620846
0.9444215890278588,0.7303485272495412
0.9443302154003996,0.7338379453025847
0.9440865709505006,0.7408150094808696
0.9439343124975963,0.7443023013889583
0.9437212155986463,0.7477864048891947
0.9434473451650306,0.7512662586899013
0.9434473451650306,0.7512662586899013
0.9425043227511491,0.761695553782945
0.9421091740057589,0.7651637298104438
0.9416535574258086,0.7686244813214272
0.9416535574258086,0.7686244813214272
0.9401660002597366,0.7789901294482229
0.9395898827431507,0.7824328719735628
0.938953768830242,0.7858650355154856
0.938953768830242,0.7858650355154856
0.9369257542027729,0.7961386251550246
0.9361702470130588,0.7995464978602458
0.9345997923914057,0.8063488841655948
0.9345997923914057,0.8063488841655948
0.9329109446921722,0.8131224823173261
0.9311040468906094,0.8198659167168426
0.9301712208204596,0.8232295788597382
0.9291798328254028,0.8265764486408858
0.9270805369582501,0.8332345645017699
0.9260308890246737,0.8365636224322123
0.9249233008855063,0.839873854448654
0.9226504063915388,0.846474819361844
0.9214852154288571,0.8497652171355465
0.9178178988556331,0.8595739008673252
0.9178178988556331,0.8595739008673252
0.9165385844695503,0.8628216296414476
0.9124749663738125,0.8724728728454532
0.9110830872118446,0.8756739757627586
0.9096355530906545,0.8788502994957385
0.9066851210320823,0.8851775214638398
0.9037346889735102,0.891504743431941
0.9006744364038538,0.8977791910317103
0.9006744364038538,0.8977791910317103
0.897504984806562,0.9039995900332451
0.8942276213967676,0.9101634141346032
0.8908430117493107,0.9162694115715678
0.8891241510783193,0.9193074875223003
0.8856334925743308,0.9253534854030809
0.8838618719578655,0.9283611003850919
0.8820380310487282,0.931337338249722
0.8783384966764822,0.9372578308470015
0.872711979749881,0.9460896933160949
0.8707853806718044,0.9490004670072391
0.8688587815937279,0.9519112406983832
0.8669321825156515,0.9548220143895271
0.8609507579319691,0.963417481064501
0.8589237479491603,0.9662592442527863
0.8568474510836294,0.9690651984247013
0.8526459896268417,0.9746407260941692
0.848444528170054,0.980216253763637
0.8463195768819397,0.982985544198359
0.8420214489530924,0.9884868970749826
0.8398484905231423,0.9912186802198184
0.833140682783522,0.9992601230467718
0.830873710204281,1.0019144069075652
0.8262935541469525,1.0071832737360578
0.8239806031978768,1.0097975892097282
0.8169059288829424,1.0175182414319124
0.8169059288829424,1.0175182414319124
0.8121446821324255,1.0226240534678734
0.8097419018763217,1.0251560555471733
0.799955985603972,1.035114280705723
0.797466303458462,1.0375608845361437
0.7949766213129518,1.0400074883665646
0.7924446192336521,1.0424102686226684
0.7847652564569629,1.04952974014483
0.7795771268474673,1.0542011530275612
0.776962811373797,1.056514103976637
0.7716939445453045,1.0610942600339655
0.7663462169571704,1.0655815362808054
0.76092071463877,1.0699750214303085
0.7554952123203698,1.0743685065798116
0.752763429175534,1.0765414650097618
0.7444186110713442,1.0828678777546636
0.7416126568994292,1.0849441746201944
0.7388067027275143,1.0870204714857254
0.7331589853673138,1.0911237783340653
0.7245635186923399,1.0971052029177477
0.7216527450011959,1.0990318019958243
0.7187419713100519,1.1009584010739009
0.7128872434625435,1.1047605057941778
0.7039905130006339,1.1102838810755613
0.6980063563455602,1.1138795251476867
0.6980063563455602,1.1138795251476867
0.6889835113995277,1.1191943869970826
0.6829375135187469,1.1226850455010713
0.6768318260759251,1.126069483315969
0.6768318260759251,1.126069483315969
0.6675714764194777,1.130958799387896
0.6613510774179426,1.1341282509851878
0.6582272068278489,1.1356857554073476
0.6519524406657519,1.1387461633502327
0.6456255399230965,1.1416964456189196
0.6392477894820959,1.1445360030629923
0.6392477894820959,1.1445360030629923
0.6296444807301802,1.148711640548896
0.6231946667008352,1.151383240994635
0.6167220309120405,1.1539983556035873
0.6134743021379181,1.1552776699896703
0.6102265733637958,1.156556984375753
0.600396720044106,1.1601671742771649
0.5938364279683426,1.1625549253208352
0.5905460301946402,1.163720116283517
0.5839450652814504,1.1659930107774845
0.5739952062322496,1.1692579445152356
0.5706661483018073,1.170307592448812
0.5639898816441932,1.172348732003644
0.5573136149865788,1.1743898715584762
0.5472558725784598,1.1773055713137321
0.543892210435564,1.1782383973838821
0.5371487760360478,1.1800452951854448
0.5304053416365312,1.1818521929870076
0.5202519696793425,1.1844151064287454
0.516857801428182,1.1852299741305932
0.510055415122833,1.1868004287522465
0.5032530288174836,1.1883708833738997
0.4930427698069134,1.190696845185267
0.4862140113255984,1.1921483426085304
0.479385252844283,1.1935998400317938
0.4759647137560403,1.1942957565745653
0.46225861265344825,1.19695995274396
0.45882644911152515,1.197596066656869
0.45195119399583333,1.1988083596330195
0.4450759388801414,1.20002065260917
0.4347579412391095,1.2018090631019063
0.42786257582833176,1.2029011816933255
0.41750575738023266,1.2044490185811851
0.41750575738023266,1.2044490185811851
0.4071316305584868,1.205876246697921
0.4002023512288308,1.2067270552177864
0.38979782314633443,1.2079125014539573
0.375925119036339,1.2094930964355186
0.375925119036339,1.2094930964355186
0.36550148672434163,1.210496778069602
0.36550148672434163,1.210496778069602
0.3480976144515967,1.2118053814270158
0.34113330358097094,1.2122923734835822
0.3376492000807347,1.2125054703825322
0.3306774507250842,1.21287084428398
0.3167339520137829,1.2136015920868755
0.31324666010569435,1.2137538505397798
0.30626959592740954,1.2139974949896788
0.30278017787436584,1.2140888686171378
0.2888196704352014,1.2143325501809195
0.2818394167156194,1.2144543909628103
0.2713679728532493,1.2145457738689756
0.2713679728532493,1.2145457738689756
0.2608965289908792,1.2144543909628103
0.2504282748317486,1.214180270080433
0.24693885677870508,1.214088896452974
0.2364706026195748,1.2138147755705966
0.22600624653320106,1.2134188726677932
0.2190344971775507,1.2130534987663457
0.21555039367731443,1.2128404018673957
0.208586082806689,1.2123534098108295
0.19466666760386223,1.2112579280763667
0.18422710620174287,1.2104363167755197
0.18422710620174287,1.2104363167755197
0.17380347388974546,1.2094326351414364
0.16339894580724926,1.2082471889052657
0.15646966647759336,1.2073963803854004
0.1530089149666097,1.2069407638054501
0.1460955396558472,1.2059691522686646
0.13572989152905152,1.2044815951025927
0.12883452611827398,1.2033894765111735
0.12193916070749634,1.2022973579197542
0.11504379529671871,1.201205239328335
0.10472579765568651,1.1994168288355986
0.10129363411376366,1.19878071492269
0.09444058356246782,1.1974486168379928
0.0841789662977391,1.1953608672096778
0.07735020781642374,1.1939093697864145
0.07052144933510848,1.1924578723631512
0.06711357662988755,1.191702365173437
0.06031119032453819,1.1901319105517838
0.0467787323716662,1.1866951028577792
0.04339930247109554,1.1858211228603937
0.036625360414477094,1.1841321894160415
0.026502496114390033,1.1814513116170933
0.01979196419034656,1.1795270975518868
0.01644509440919917,1.1785357095568303
0.006404485065756816,1.1755615455716604
-0.00027178159185786265,1.173520406016828
-0.0036008395222997995,1.1724707580832519
-0.010240466555059047,1.170313412484668
-0.02017116260438423,1.1669906480671661
-0.026772127517574254,1.1647177535731987
-0.03006252529127689,1.163552562610517
-0.036622817367040046,1.1611648115668467
-0.04643150109881911,1.1574974949936228
-0.056174687421186593,1.153659551835374
-0.05942241619530892,1.1523802374492913
-0.06589505198410364,1.1497651228403392
-0.06911995899877613,1.1484293226174698
-0.08192371937175418,1.14286208578856
-0.08830146981275502,1.1400225283444874
-0.09147779354573468,1.1385749942232972
-0.09465411727871449,1.137127460102107
-0.10418308847765409,1.1327848577385367
-0.1136348195066808,1.128276613296047
-0.11990958566877796,1.1252162053531618
-0.12303345625887166,1.1236587009310022
-0.132350067869676,1.118877463067822
-0.1385142049168544,1.1155999332617834
-0.147717039393122,1.110603201830065
-0.147717039393122,1.110603201830065
-0.15683126724532018,1.1054466198170905
-0.16585411219135288,1.1001317579676946
-0.16886172717336362,1.0983601373512295
-0.17484558002000464,1.094764675825627
-0.18668656521456378,1.087365607081135
-0.1896305193709284,1.0854901014389347
-0.1954855444710157,1.081687803680576
-0.19839631816215972,1.0797612046024994
-0.20706079884375062,1.0738801960215487
-0.2127795589426646,1.0698758770910763
-0.21849831904157874,1.0658715581606037
-0.22134008222986398,1.063844548177795
-0.22979404050435148,1.0576647361333964
-0.23536956817381932,1.0534632746766088
-0.23813885860854114,1.0513383233884948
-0.24364021148516507,1.047040195459647
-0.2518733475066246,1.0405691091008493
-0.25729884982502516,1.0361756239513462
-0.25999229355236536,1.0339553202837477
-0.26799457651277214,1.0272008436324847
-0.273263443341265,1.022620687575156
-0.27587775881493504,1.0203077366260807
-0.2810658884244309,1.0156363237433492
-0.28882756877465454,1.0086066860889733
-0.29393338081061565,1.0038454393384564
-0.29646538288991525,1.0014426590823526
-0.30148732207253454,0.9965930287859335
-0.3089135408159985,0.989209888357559
-0.3138500774139521,0.9842733517596054
-0.316296681244373,0.9817836696140952
-0.3211463115407922,0.9767617304314761
-0.3283103385474131,0.9691239163162152
-0.3306685633190578,0.9665503655754872
-0.33533997620178924,0.9613622359659915
-0.33765292715086465,0.9587479204923215
-0.3468132392655216,0.9482101868353364
-0.3490802118447628,0.9455559029745428
-0.35356771591678443,0.94020790387493
-0.3557880195843832,0.9375144601475894
-0.3623544631638366,0.9293571746843532
-0.36665259109268394,0.9238558218077297
-0.3709507190215314,0.9183544689311062
-0.3730756703096457,0.9155851784963841
-0.3793534286319642,0.9072036966550016
-0.38345694381083206,0.9015556925524288
-0.3854839537936409,0.8987139293641435
-0.3894882727241135,0.8929951692652294
-0.39546969730779596,0.8843997025902556
-0.39937360023553664,0.8786119284847247
-0.4013001993136131,0.8757011547935808
-0.40510249707197193,0.8698461296934934
-0.4106775370864184,0.8609816829398494
-0.41250137799555564,0.8580054450752194
-0.41781623984495125,0.8489826001291872
-0.4195878604614165,0.8459749851471764
-0.4247972024198647,0.8368912182637003
-0.4265160630908561,0.8338531423129677
-0.43151279452257485,0.8246503078367
-0.43151279452257485,0.8246503078367
-0.4363481533202394,0.8153616700088937
-0.4410206665867189,0.8059900582386121
-0.44257817100887875,0.8028661876485184
-0.4441356754310385,0.7997423170584247
-0.4486439198735284,0.7902905860293978
-0.4529865222370988,0.7807616148304587
-0.4529865222370988,0.7807616148304587
-0.4600017171670752,0.7647805556375422
-0.4600017171670752,0.7647805556375422
-0.46400911783568377,0.7551058345935248
-0.46400911783568377,0.7551058345935248
-0.4679036796036817,0.7453851414059933
-0.4704055598649563,0.7388675204961737
-0.4740728764381803,0.7290588367643949
-0.4740728764381803,0.7290588367643949
-0.47756844932622544,0.7191876434432878
-0.4808912137437275,0.7092569473939624
-0.4808912137437275,0.7092569473939624
-0.48304855934231133,0.7026173203612036
-0.48619750314304055,0.6926301465698772
-0.48917166712821075,0.6825895372264345
-0.48917166712821075,0.6825895372264345
-0.4919701453386606,0.6724985507977469
-0.4946510231376089,0.6623756864976603
-0.49633995658196106,0.6556017444410418
-0.4971548242838088,0.6522075761898815
-0.49872527890546214,0.6454051898845321
-0.5009322835184397,0.6351685586979958
-0.5016282000612113,0.6317480196097531
-0.5029602981459087,0.6248949690584571
-0.5042923962306061,0.6180419185071611
-0.5061408031196654,0.6077344998495467
-0.5067169206362514,0.6042917573242067
-0.5078090392276707,0.5973963919134285
-0.5083249848569573,0.5939441190973953
-0.5102682079305283,0.5801173684758705
-0.5107238245104786,0.5766566169648871
-0.511574633030344,0.5697273376352315
-0.5119697817757343,0.5662591616077326
-0.513034088658857,0.5558415448807931
-0.5136425505280442,0.5488867938917485
-0.51391642096166,0.5454069400910416
-0.5144034130182265,0.538442629220416
-0.5149818838186241,0.5279867763645293
-0.5153472577200717,0.5210150270088789
-0.5154995161729762,0.51752773510079
-0.5157431606228753,0.5105506709225048
-0.5159563750322252,0.5000809991498792
-0.515986836000947,0.4965905178624224
-0.515986836000947,0.4896092008544451
-0.5159563750322252,0.4861187195669886
-0.5158345342503345,0.4791384658474064
-0.5155604133679573,0.46867021168827566
-0.5153167689180583,0.4616931475099912
-0.5147991365637065,0.4512341062462521
-0.5145860396647566,0.4477500027460155
-0.5140990476081903,0.44078569187538985
-0.5138251771745745,0.4373058380746835
-0.5128821547606931,0.42687654298163913
-0.512152408422265,0.419933470358699
-0.5117572596768747,0.4164652943311999
-0.5109064511570094,0.40953601500154385
-0.5096000260571938,0.3991459841609044
-0.5086284145204084,0.39223260885014244
-0.5081124688911219,0.3887803360341092
-0.5070203502997028,0.3818849706233317
-0.5052319398069665,0.3715669729822992
-0.5045958258940577,0.3681348094403765
-0.5032637278093604,0.36128175888908026
-0.5025678112665888,0.35786121980083757
-0.5003608066536114,0.3476245886143012
-0.49879035203195815,0.34082220230895205
-0.49797548433011046,0.3374280340577917
-0.49628655088575835,0.33065409200117296
-0.49360567308681014,0.32053122770108616
-0.49267284701666036,0.3171675655581907
-0.4917400209465105,0.31380390341529485
-0.489815806881304,0.3070933714912517
-0.487774667326472,0.30041710483363776
-0.4846257235257428,0.29042993104231074
-0.4846257235257428,0.29042993104231074
-0.482468377927159,0.2837903040095519
-0.4790304078626283,0.273899276445705
-0.4778652168999467,0.2706088786720028
-0.4766427780422054,0.2673393174280763
-0.47414089778093105,0.2608216965182571
-0.47024633601293314,0.25110100333072527
-0.46891053579006386,0.24787609631605312
-0.46618271791719557,0.2414497601267199
-0.46479083875522764,0.23824865720941446
-0.4619512813111552,0.23187090676841413
-0.45900099904246866,0.22554400602575905
-0.45749825089497215,0.22239342901608347
-0.4559955027474753,0.21924285200640725
-0.4512685467280239,0.2098985824147787
-0.44965676046213543,0.2068023698055093
-0.44637923065609675,0.20063823275833081
-0.4447136535121906,0.19757062126624175
-0.441329043864734,0.1914646238292775
-0.4396101831937425,0.18842654787854476
-0.4361195246897538,0.18238054999776382
-0.43252406316415154,0.1763966971511232
-0.42882452879190525,0.17047620455384313
-0.42882452879190525,0.17047620455384313
-0.4231980118653041,0.16164434208474973
-0.4212714127872276,0.15873356839360567
-0.4173675098594873,0.15294579428807525
-0.41539040420627743,0.15006908771201558
-0.4113860852758049,0.1443503276131014
-0.40728277842746485,0.13870261025290057
-0.405206481561934,0.13589665608098556
-0.40100523340828903,0.13032141147434856
-0.3967071054794415,0.12482005859772471
-0.39453414704949147,0.12208827545288903
-0.39231384338189307,0.1193948317255488
-0.3878263393098708,0.11404683262593504
-0.3855593667306298,0.1113925487651416
-0.3786662597242262,0.10350936646297919
-0.3786662597242262,0.10350936646297919
-0.3715915854092916,0.09578871424079456
-0.3715915854092916,0.09578871424079456
-0.36433917485676903,0.08823477297887598
-0.36189257102634825,0.0857450908333658
-0.3569560344283945,0.08080855423541201
-0.3569560344283945,0.08080855423541201
-0.349444413100265,0.07351232010857178
-0.34691241102096537,0.07110953985246804
-0.3443388602802371,0.06875131508082306
-0.3443388602802371,0.06875131508082306
-0.33653641519707145,0.061766951249016384
-0.33388213133627803,0.05949997866977532
-0.32853413223666517,0.05501247459775369
-0.32853413223666517,0.05501247459775369
-0.3231089053644886,0.050619212500204576
-0.3203771222196527,0.04844625407025426
-0.31764533907481707,0.04627329564030417
-0.3148760486400953,0.044148344352190096
-0.3120700944681801,0.04207204748665908
-0.3064220903656078,0.03796853230779148
-0.3064220903656078,0.03796853230779148
-0.3035803271773226,0.0359415223249827
-0.3007036206012625,0.03396441667177251
-0.3007036206012625,0.03396441667177251
-0.29491584649573177,0.030060513744031923
-0.29491584649573177,0.030060513744031923
-0.292005072804588,0.02813391466595557
-0.2890611186482235,0.026258409023755078
-0.2890611186482235,0.026258409023755078
-0.28608488078359323,0.024434568114617736
-0.28608488078359323,0.024434568114617736
-0.28608488078359323,0.024434568114617736
-0.2830772658015826,0.02266294749815255
-0.2830772658015826,0.02266294749815255
-0.2830772658015826,0.02266294749815255
-0.2830772658015826,0.02266294749815255
-0.2800391898508502,0.020944086827161208
-0.2800391898508502,0.020944086827161208
-0.2800391898508502,0.020944086827161208
-0.2800391898508502,0.020944086827161208
-0.2770011139001175,0.01922522615616969
-0.2770011139001175,0.01922522615616969
-0.2770011139001175,0.01922522615616969
-0.2770011139001175,0.01922522615616969
-0.2770011139001175,0.01922522615616969
-0.2800391898508502,0.020944086827161208
-0.2800391898508502,0.020944086827161208
-0.2800391898508502,0.020944086827161208
-0.2800391898508502,0.020944086827161208
-0.2800391898508502,0.020944086827161208
-0.2800391898508502,0.020944086827161208
-0.2800391898508502,0.020944086827161208
-0.2800391898508502,0.020944086827161208
-0.2800391898508502,0.020944086827161208
-0.2800391898508502,0.020944086827161208
-0.2800391898508502,0.020944086827161208
-0.2800391898508502,0.020944086827161208
-0.2800391898508502,0.020944086827161208
-0.2800391898508502,0.020944086827161208
-0.2800391898508502,0.020944086827161208
-0.2800391898508502,0.020944086827161208
-0.2800391898508502,0.020944086827161208
-0.2800391898508502,0.020944086827161208
-0.2800391898508502,0.020944086827161208
-0.2800391898508502,0.020944086827161208
-0.2800391898508502,0.020944086827161208
-0.2800391898508502,0.020944086827161208
-0.2800391898508502,0.020944086827161208
-0.2800391898508502,0.020944086827161208
-0.2800391898508502,0.020944086827161208
-0.2800391898508502,0.020944086827161208
-0.2800391898508502,0.020944086827161208
-0.2800391898508502,0.020944086827161208
-0.2800391898508502,0.020944086827161208
-0.2800391898508502,0.020944086827161208
-0.2800391898508502,0.020944086827161208
-0.2800391898508502,0.020944086827161208
-0.2800391898508502,0.020944086827161208
-0.2800391898508502,0.020944086827161208
-0.2800391898508502,0.020944086827161208
-0.2800391898508502,0.020944086827161208
-0.2800391898508502,0.020944086827161208
-0.2800391898508502,0.020944086827161208
-0.2800391898508502,0.020944086827161208
-0.2800391898508502,0.020944086827161208
-0.2800391898508502,0.020944086827161208
-0.2800391898508502,0.020944086827161208
-0.2800391898508502,0.020944086827161208
-0.2800391898508502,0.020944086827161208
-0.2800391898508502,0.020944086827161208
-0.2800391898508502,0.020944086827161208
-0.2800391898508502,0.020944086827161208
-0.2800391898508502,0.020944086827161208
-0.2800391898508502,0.020944086827161208
-0.2800391898508502,0.020944086827161208
-0.2800391898508502,0.020944086827161208
-0.2800391898508502,0.020944086827161208
-0.2800391898508502,0.020944086827161208
-0.2800391898508502,0.020944086827161208
-0.2800391898508502,0.020944086827161208
-0.2800391898508502,0.020944086827161208
-0.2800391898508502,0.020944086827161208
-0.2800391898508502,0.020944086827161208
-0.2800391898508502,0.020944086827161208
-0.2800391898508502,0.020944086827161208
-0.2800391898508502,0.020944086827161208
-0.2800391898508502,0.020944086827161208
-0.2800391898508502,0.020944086827161208
-0.2800391898508502,0.020944086827161208
-0.2800391898508502,0.020944086827161208
-0.2800391898508502,0.020944086827161208
-0.2800391898508502,0.020944086827161208
-0.2800391898508502,0.020944086827161208
-0.2800391898508502,0.020944086827161208
-0.2800391898508502,0.020944086827161208
-0.2800391898508502,0.020944086827161208
-0.2800391898508502,0.020944086827161208
-0.2800391898508502,0.020944086827161208
-0.2800391898508502,0.020944086827161208
-0.2800391898508502,0.020944086827161208
-0.2800391898508502,0.020944086827161208
-0.2800391898508502,0.020944086827161208
-0.2800391898508502,0.020944086827161208
-0.2800391898508502,0.020944086827161208
-0.2800391898508502,0.020944086827161208
-0.2800391898508502,0.020944086827161208
-0.2800391898508502,0.020944086827161208
-0.2800391898508502,0.020944086827161208
-0.2800391898508502,0.020944086827161208
-0.2800391898508502,0.020944086827161208
-0.2800391898508502,0.020944086827161208
-0.2800391898508502,0.020944086827161208
-0.2800391898508502,0.020944086827161208
-0.2800391898508502,0.020944086827161208
-0.2800391898508502,0.020944086827161208
-0.2800391898508502,0.020944086827161208
-0.2800391898508502,0.020944086827161208
-0.2800391898508502,0.020944086827161208
-0.2800391898508502,0.020944086827161208
-0.2800391898508502,0.020944086827161208
-0.2800391898508502,0.020944086827161208
-0.2800391898508502,0.020944086827161208
-0.2800391898508502,0.020944086827161208
-0.2800391898508502,0.020944086827161208
-0.2800391898508502,0.020944086827161208
-0.2800391898508502,0.020944086827161208
-0.2800391898508502,0.020944086827161208
-0.2800391898508502,0.020944086827161208
-0.2800391898508502,0.020944086827161208
-0.2800391898508502,0.020944086827161208
-0.2800391898508502,0.020944086827161208
-0.2800391898508502,0.020944086827161208
-0.2800391898508502,0.020944086827161208
-0.2800391898508502,0.020944086827161208
-0.2800391898508502,0.020944086827161208
-0.2800391898508502,0.020944086827161208
-0.2800391898508502,0.020944086827161208
-0.2800391898508502,0.020944086827161208
-0.2800391898508502,0.020944086827161208
-0.2800391898508502,0.020944086827161208
-0.2800391898508502,0.020944086827161208
-0.2800391898508502,0.020944086827161208
-0.2800391898508502,0.020944086827161208
-0.2800391898508502,0.020944086827161208
-0.2800391898508502,0.020944086827161208
-0.2800391898508502,0.020944086827161208
-0.2800391898508502,0.020944086827161208
-0.2800391898508502,0.020944086827161208
-0.2800391898508502,0.020944086827161208
-0.2800391898508502,0.020944086827161208
-0.2800391898508502,0.020944086827161208
-0.2800391898508502,0.020944086827161208
-0.2800391898508502,0.020944086827161208
-0.2800391898508502,0.020944086827161208
-0.2800391898508502,0.020944086827161208
-0.2800391898508502,0.020944086827161208
-0.2800391898508502,0.020944086827161208
-0.2800391898508502,0.020944086827161208
-0.2800391898508502,0.020944086827161208
-0.2800391898508502,0.020944086827161208
-0.2800391898508502,0.020944086827161208
-0.2800391898508502,0.020944086827161208
-0.2800391898508502,0.020944086827161208
-0.2800391898508502,0.020944086827161208
-0.2800391898508502,0.020944086827161208
-0.2800391898508502,0.020944086827161208
-0.2800391898508502,0.020944086827161208
-0.2800391898508502,0.020944086827161208
-0.2800391898508502,0.020944086827161208
-0.2800391898508502,0.020944086827161208
-0.2800391898508502,0.020944086827161208
-0.2800391898508502,0.020944086827161208
-0.2800391898508502,0.020944086827161208
-0.2800391898508502,0.020944086827161208
-0.2800391898508502,0.020944086827161208
-0.2800391898508502,0.020944086827161208
-0.2800391898508502,0.020944086827161208
-0.2800391898508502,0.020944086827161208
-0.2800391898508502,0.020944086827161208
-0.2800391898508502,0.020944086827161208
-0.2800391898508502,0.020944086827161208
-0.2800391898508502,0.020944086827161208
-0.2800391898508502,0.020944086827161208
-0.2800391898508502,0.020944086827161208
-0.2800391898508502,0.020944086827161208
-0.2800391898508502,0.020944086827161208
-0.2800391898508502,0.020944086827161208
-0.2800391898508502,0.020944086827161208
-0.2800391898508502,0.020944086827161208
-0.2800391898508502,0.020944086827161208
-0.2800391898508502,0.020944086827161208
-0.2800391898508502,0.020944086827161208
-0.2800391898508502,0.020944086827161208
-0.2800391898508502,0.020944086827161208
-0.2800391898508502,0.020944086827161208
-0.2800391898508502,0.020944086827161208
-0.2800391898508502,0.020944086827161208
-0.2800391898508502,0.020944086827161208
-0.2800391898508502,0.020944086827161208
-0.2800391898508502,0.020944086827161208
-0.2800391898508502,0.020944086827161208
-0.2800391898508502,0.020944086827161208
-0.2800391898508502,0.020944086827161208
-0.2800391898508502,0.020944086827161208
-0.2800391898508502,0.020944086827161208
