0.0,0.0
0.0,0.0
0.0,0.0
0.0,0.0
0.0,0.0
0.0,0.0
0.0,0.0
0.0,0.0
0.0,0.0
0.0,0.0
0.0,0.0
0.0,0.0
0.0,0.0
0.0,0.0
0.0,0.0
0.0,0.0
0.0,0.0
0.0,0.0
0.0,0.0
0.0,0.0
0.0,0.0
0.0,0.0
0.0,0.0
0.0,0.0
0.0,0.0
0.0,0.0
0.0,0.0
0.0,0.0
0.0,0.0
0.0,0.0
0.0,0.0
0.0,0.0
0.0,0.0
0.0,0.0
0.0,0.0
0.0,0.0
0.0,0.0
0.0034904812874567027,3.0460968721746086e-05
0.0034904812874567027,3.0460968721746086e-05
0.0034904812874567027,3.0460968721746086e-05
0.006980962574913405,6.092193744349217e-05
0.006980962574913405,6.092193744349217e-05
0.010471443862370108,9.138290616523826e-05
0.010471443862370108,9.138290616523826e-05
0.01396192514982681,0.00012184387488698434
0.017452406437283515,0.00015230484360873042
0.02094288772474022,0.0001827658123304765
0.02094288772474022,0.0001827658123304765
0.027924204732717537,0.0001827658123304765
0.03141468602017424,0.00015230484360873042
0.03490516730763094,0.00012184387488698434
0.03490516730763094,0.00012184387488698434
0.04188648431560826,0.00012184387488698434
0.048867446890521665,6.092193744349218e-05
0.048867446890521665,6.092193744349218e-05
0.05584876389849898,6.092193744349218e-05
0.05933924518595568,3.0460968721746093e-05
0.06632020776086908,-3.046096872174608e-05
0.07330117033578248,-9.138290616523825e-05
0.07679165162323918,-0.00012184387488698434
0.08028213291069589,-0.00015230484360873042
0.08726238663027813,-0.00027414562549947096
0.09424264034986037,-0.0003959864073902113
0.09424264034986037,-0.0003959864073902113
0.09773312163731707,-0.0004264473761119574
0.10471443864529437,-0.0004264473761119574
0.10471443864529437,-0.0004264473761119574
0.10820491993275107,-0.0004569083448337035
0.11518588250766447,-0.0005178302822771957
0.11867636379512117,-0.0005482912509989418
0.12216684508257787,-0.0005787522197206879
0.12565732637003457,-0.000609213188442434
0.13263864337801187,-0.000609213188442434
0.13263864337801187,-0.000609213188442434
0.1361291246654686,-0.0006396741571641801
0.1396196059529253,-0.0006701351258859262
0.14660056852783873,-0.0007310570633294184
0.14660056852783873,-0.0007310570633294184
0.15358188553581603,-0.0007310570633294184
0.15358188553581603,-0.0007310570633294184
0.16056284811072946,-0.0007919790007729107
0.16056284811072946,-0.0007919790007729107
0.1675441651187068,-0.0007919790007729107
0.1675441651187068,-0.0007919790007729107
0.17452512769362022,-0.0007310570633294184
0.17452512769362022,-0.0007310570633294184
0.17801560898107693,-0.0007005960946076723
0.18150609026853365,-0.0006701351258859262
0.18499657155599034,-0.0006396741571641801
0.19197682527557255,-0.00051783337527344
0.19197682527557255,-0.00051783337527344
0.19546624332861606,-0.0004264597478143385
0.19895566138165957,-0.000335086120355237
0.20244507943470305,-0.00024371249289613551
0.20593449748774656,-0.000152338865437034
0.20942391554079007,-6.096523797793251e-05
0.216400979719075,0.00018267921192108505
0.216400979719075,0.00018267921192108505
0.22337804389735993,0.0004263236618201041
0.23035510807564488,0.0006699681117191231
0.23035510807564488,0.0006699681117191231
0.2373321722539298,0.0009136125616181414
0.2373321722539298,0.0009136125616181414
0.24430675607010696,0.001218129467426913
0.24779404797819554,0.0013703879203312988
0.2512813398862841,0.0015226463732356847
0.25476863179437265,0.0016749048261400705
0.26174321561054975,0.001979421731948842
0.26174321561054975,0.001979421731948842
0.26871496496620034,0.0023447956333964627
0.26871496496620034,0.0023447956333964627
0.2756867143218509,0.00271016953484408
0.2826584636775015,0.0030755434362917024
0.2826584636775015,0.0030755434362917024
0.2861425671777378,0.0032886403352416294
0.2896266706779741,0.0035017372341915563
0.2965984200336247,0.003867111135639176
0.2965984200336247,0.003867111135639176
0.30357016938927534,0.004232485037086798
0.30705427288951165,0.004445581936036725
0.3105383763897479,0.004658678834986652
0.3140224798899842,0.004871775733936579
0.31750658339022053,0.005084872632886506
0.32447479039069316,0.00551106643078636
0.32795889389092947,0.005724163329736287
0.32795889389092947,0.005724163329736287
0.3314429973911658,0.005937260228686214
0.3384112043916384,0.006363454026586068
0.3384112043916384,0.006363454026586068
0.34189530789187467,0.006576550925535995
0.345379411392111,0.006789647824485922
0.3523476183925836,0.0072158416223857755
0.3523476183925836,0.0072158416223857755
0.35583172189281986,0.007428938521335702
0.3593158253930562,0.007642035420285629
0.36628403239352875,0.008068229218185485
0.36628403239352875,0.008068229218185485
0.3732557817491794,0.008433603119633107
0.3732557817491794,0.008433603119633107
0.38022398874965196,0.008859796917532962
0.3837080922498882,0.00907289381648289
0.38719219575012453,0.009285990715432818
0.38719219575012453,0.009285990715432818
0.3941639451057752,0.00965136461688044
0.39764804860601144,0.009864461515830345
0.40113215210624775,0.01007755841478025
0.4081003591067203,0.010503752212680061
0.4081003591067203,0.010503752212680061
0.41507210846237097,0.010869126114127683
0.4185562119626073,0.011082223013077588
0.42204031546284354,0.011295319912027493
0.42552441896307985,0.011508416810977421
0.42900852246331617,0.011721513709927349
0.4324926259635525,0.011934610608877277
0.4394608329640251,0.012360804406777132
0.4429449364642614,0.01257390130572706
0.44642903996449773,0.012786998204676988
0.44642903996449773,0.012786998204676988
0.4533933508351234,0.013273990261243372
0.4603576617057491,0.01376098231780976
0.4603576617057491,0.01376098231780976
0.46732197257637476,0.014247974374376143
0.46732197257637476,0.014247974374376143
0.4742862834470004,0.014734966430942529
0.477766137247707,0.01500883686455826
0.48124599104841354,0.01528270729817399
0.4882056986498267,0.01583044816540545
0.4882056986498267,0.01583044816540545
0.4916855524505333,0.01610431859902118
0.49516540625123984,0.01637818903263691
0.502125113852653,0.016925929899868367
0.5056049676533596,0.017199800333484096
0.5090848214540662,0.017473670767099825
0.5090848214540662,0.017473670767099825
0.5160491323246919,0.017960662823666207
0.5195289861253984,0.01823453325728196
0.523008839926105,0.01850840369089769
0.5264886937268115,0.01878227412451342
0.5334434447158563,0.01939073599370054
0.5369232985165628,0.019664606427316295
0.5369232985165628,0.019664606427316295
0.5404031523172694,0.019938476860932048
0.5473628599186825,0.020486217728163506
0.5508427137193891,0.02076008816177926
0.5543225675200956,0.021033958595395013
0.5543225675200956,0.021033958595395013
0.5612822751215086,0.02158169946262652
0.5612822751215086,0.02158169946262652
0.5682370261105534,0.022190161331813642
0.5751967337119666,0.0227379021990451
0.5751967337119666,0.0227379021990451
0.5821514847010112,0.02334636406823222
0.5821514847010112,0.02334636406823222
0.5891062356900558,0.02395482593741934
0.5960609866791006,0.024563287806606465
0.5960609866791006,0.024563287806606465
0.5995408404798072,0.02483715824022222
0.6030206942805137,0.025111028673837972
0.6099754452695584,0.02571949054302509
0.6099754452695584,0.02571949054302509
0.616930196258603,0.02632795241221221
0.6238849472476478,0.026936414281399333
0.6238849472476478,0.026936414281399333
0.6308396982366925,0.027544876150586456
0.6308396982366925,0.027544876150586456
0.6377887864446907,0.028213997239975357
0.6377887864446907,0.028213997239975357
0.6447435374337354,0.028822459109162476
0.6482180815377344,0.029157019653856926
0.6516926256417335,0.029491580198551377
0.6586473766307782,0.0301000420677385
0.6586473766307782,0.0301000420677385
0.665602127619823,0.030708503936925622
0.6725568786088677,0.03131696580611275
0.6725568786088677,0.03131696580611275
0.6760367324095743,0.03159083623972848
0.6795165862102809,0.031864706673344206
0.6864762938116941,0.032412447540575665
0.6899561476124006,0.032686317974191394
0.6934360014131071,0.03296018840780712
0.7003907524021519,0.033568650276994245
0.7003907524021519,0.033568650276994245
0.7038706062028585,0.033842520710609995
0.707350460003565,0.034116391144225745
0.7108303138042716,0.034390261577841474
0.7143101676049782,0.034664132011457204
0.7212649185940229,0.03527259388064432
0.7282246261954359,0.03582033474787578
0.7282246261954359,0.03582033474787578
0.7317044799961425,0.03609420518149151
0.7351843337968491,0.036368075615107236
0.7386641875975557,0.036641946048722986
0.7456238951989688,0.037189686915954485
0.7491037489996754,0.037463557349570235
0.75605849998872,0.03807201921875735
0.75605849998872,0.03807201921875735
0.7595383537894266,0.03834588965237308
0.7630182075901332,0.03861976008598881
0.7699729585791778,0.039228221955175925
0.7699729585791778,0.039228221955175925
0.7769277095682224,0.03983668382436304
0.7769277095682224,0.03983668382436304
0.7838824605572672,0.04044514569355017
0.7838824605572672,0.04044514569355017
0.7908372115463119,0.0410536075627373
0.794311755650311,0.041388168107431726
0.794311755650311,0.041388168107431726
0.8047293723772504,0.042452474990554344
0.8047293723772504,0.042452474990554344
0.8082039164812496,0.0427870355352488
0.8116784605852486,0.04312159607994325
0.8151530046892477,0.04345615662463768
0.8221020928972459,0.04412527771402656
0.8255766370012451,0.04445983825872101
0.8290511811052441,0.04479439880341544
0.8290511811052441,0.04479439880341544
0.8360002693132423,0.04546351989280432
0.8394748134172414,0.04579808043749877
0.8429493575212404,0.046132640982193225
0.8429493575212404,0.046132640982193225
0.8498924301441808,0.046862387320621424
0.8568355027671212,0.04759213365904962
0.8568355027671212,0.04759213365904962
0.8568355027671212,0.04759213365904962
0.8637785753900616,0.048321879997477835
0.8672467514175604,0.048717028742868075
0.8707149274450591,0.049112177488258316
0.8741831034725578,0.049507326233648556
0.8776512795000566,0.04990247497903882
0.8811194555275554,0.05029762372442908
0.8845876315550542,0.05069277246981932
0.888055807582553,0.05108792121520958
0.8949921596375504,0.0518782187059901
0.8949921596375504,0.0518782187059901
0.9019214389672064,0.05272902722585549
0.9019214389672064,0.05272902722585549
0.9088577910222041,0.053519324716636014
0.9123259670497028,0.053914473462026276
0.9157941430772016,0.05430962220741654
0.9227234224068577,0.055160430727281926
0.9227234224068577,0.055160430727281926
0.9296527017365137,0.056011239247147314
0.9296527017365137,0.056011239247147314
0.9365890537915114,0.05680153673792784
0.9365890537915114,0.05680153673792784
0.9435183331211673,0.05765234525779321
0.9469790846321509,0.058107961837743555
0.9504398361431344,0.05856357841769388
0.9573691154727904,0.05941438693755926
0.960829866983774,0.05987000351750963
0.960829866983774,0.05987000351750963
0.9677513700057412,0.06078123667741032
0.9712121215167249,0.06123685325736069
0.9746728730277084,0.06169246983731103
0.978133624538692,0.062148086417261356
0.9815943760496755,0.06260370299721169
0.985055127560659,0.06305931957716203
0.9885158790716427,0.0635149361571124
0.9919766305826263,0.06397055273706274
0.9954373820936099,0.06442616931701309
1.0058115089153556,0.06585339743374888
1.0058115089153556,0.06585339743374888
1.009272260426339,0.06630901401369921
1.0161856357371017,0.06728062555048468
1.0161856357371017,0.06728062555048468
1.0161856357371017,0.06728062555048468
1.023099011047864,0.06825223708727012
1.0300035566799302,0.06928412834584315
1.0300035566799302,0.06928412834584315
1.0369169319906923,0.07025573988262858
1.0369169319906923,0.07025573988262858
1.043830307301455,0.07122735141941407
1.0472825801174879,0.07174329704870057
1.050734852933521,0.07225924267798708
1.050734852933521,0.07225924267798708
1.0576393985655872,0.07329113393656012
1.0645527738763494,0.07426274547334555
1.0680050466923825,0.07477869110263206
1.0680050466923825,0.07477869110263206
1.0749095923244487,0.07581058236120512
1.0783618651404816,0.07632652799049162
1.0783618651404816,0.07632652799049162
1.0852664107725478,0.07735841924906466
1.088718683588581,0.07787436487835117
1.092170956404614,0.07839031050763769
1.0956232292206471,0.0789062561369242
1.1025277748527134,0.07993814739549726
1.1025277748527134,0.07993814739549726
1.1094231402634909,0.08103026598691643
1.1094231402634909,0.08103026598691643
1.116327685895557,0.08206215724548949
1.1232230513063348,0.08315427583690868
1.1301184167171126,0.08424639442832788
1.1301184167171126,0.08424639442832788
1.1335706895331457,0.08476234005761439
1.1370229623491788,0.0852782856869009
1.1370229623491788,0.0852782856869009
1.1439183277599565,0.0863704042783201
1.1508136931707342,0.0874625228697393
1.1508136931707342,0.0874625228697393
1.157709058581512,0.08855464146115849
1.157709058581512,0.08855464146115849
1.1646044239922897,0.08964676005257767
1.1646044239922897,0.08964676005257767
1.1714997894030674,0.09073887864399686
1.1714997894030674,0.09073887864399686
1.1783852744537473,0.09189111367716875
1.1818280169790871,0.09246723119375468
1.185270759504427,0.0930433487103406
1.185270759504427,0.0930433487103406
1.1921661249152047,0.0941354673017598
1.1956088674405447,0.09471158481834575
1.1990516099658846,0.09528770233493168
1.1990516099658846,0.09528770233493168
1.2093696076069165,0.09707611282766802
1.2128123501322563,0.09765223034425395
1.2162550926575961,0.09822834786083985
1.2162550926575961,0.09822834786083985
1.219697835182936,0.09880446537742578
1.2231405777082758,0.09938058289401171
1.2300158328239676,0.1005928758701621
1.2300158328239676,0.1005928758701621
1.2368910879396597,0.10180516884631252
1.2437765729903394,0.10295740387948435
1.2437765729903394,0.10295740387948435
1.2472193155156792,0.10353352139607028
1.2541048005663589,0.10468575642924213
1.2575475430916987,0.10526187394582806
1.2609902856170387,0.10583799146241402
1.2678757706677186,0.1069902264955859
1.2713185131930584,0.1075663440121718
1.2747612557183983,0.10814246152875773
1.281646740769078,0.10929469656192956
1.281646740769078,0.10929469656192956
1.2850894832944177,0.10987081407851548
1.2919647384101098,0.1110831070546659
1.2954074809354497,0.11165922457125182
1.2988502234607895,0.11223534208783775
1.2988502234607895,0.11223534208783775
1.3057254785764816,0.11344763506398817
1.3057254785764816,0.11344763506398817
1.3126007336921737,0.11465992804013858
1.3126007336921737,0.11465992804013858
1.3194759888078655,0.11587222101628897
1.3194759888078655,0.11587222101628897
1.3263512439235576,0.1170845139924394
1.3332264990392497,0.11829680696858981
1.3332264990392497,0.11829680696858981
1.3332264990392497,0.11829680696858981
1.3401017541549418,0.11950909994474022
1.346977009270634,0.12072139292089064
1.346977009270634,0.12072139292089064
1.350409172812557,0.12135750683379946
1.35384133635448,0.12199362074670829
1.360716591470172,0.1232059137228587
1.360716591470172,0.1232059137228587
1.367591846585864,0.12441820669900912
1.3710240101277869,0.12505432061191793
1.3744561736697098,0.12569043452482676
1.3778883372116328,0.12632654843773558
1.3813205007535558,0.1269626623506444
1.3881848278374016,0.12823489017646203
1.3881848278374016,0.12823489017646203
1.3916169913793246,0.12887100408937086
1.3984700419306206,0.1302031021740682
1.405323092481917,0.13153520025876556
1.405323092481917,0.13153520025876556
1.4087552560238399,0.1321713141716744
1.4121874195657627,0.1328074280845832
1.419040470117059,0.13413952616928057
1.419040470117059,0.13413952616928057
1.425893520668355,0.13547162425397788
1.432746571219651,0.13680372233867522
1.436167110307894,0.13749963888144687
1.4395876493961368,0.13819555542421852
1.4395876493961368,0.13819555542421852
1.4464287275726224,0.1395873885097618
1.449849266660865,0.14028330505253342
1.453269805749108,0.14097922159530507
1.456690344837351,0.14167513813807675
1.4635191033186659,0.1431266355613401
1.4635191033186659,0.1431266355613401
1.470347861799981,0.14457813298460342
1.470347861799981,0.14457813298460342
1.4771889399764666,0.14596996607014673
1.4771889399764666,0.14596996607014673
1.484017698457782,0.14742146349341012
1.484017698457782,0.14742146349341012
1.490846456939097,0.14887296091667346
1.497675215420412,0.15032445833993682
1.497675215420412,0.15032445833993682
1.497675215420412,0.15032445833993682
1.504503973901727,0.15177595576320013
1.511332732383042,0.1532274531864635
1.511332732383042,0.1532274531864635
1.5147406050882632,0.15398296037617756
1.5181484777934844,0.15473846756589166
1.5249772362747995,0.156189964989155
1.5283851089800207,0.1569454721788691
1.5283851089800207,0.1569454721788691
1.535200854390463,0.15845648655829725
1.538608727095684,0.15921199374801137
1.5420165998009052,0.15996750093772547
1.5420165998009052,0.15996750093772547
1.5488189861062542,0.1615379555593787
1.5522268588114754,0.1622934627490928
1.5556347315166965,0.1630489699388069
1.5590426042219176,0.16380447712852103
1.5624504769271388,0.16455998431823513
1.5692528632324878,0.16613043893988835
1.5692528632324878,0.16613043893988835
1.576055249537837,0.1677008935615416
1.5828576358431863,0.16927134818319486
1.5828576358431863,0.16927134818319486
1.5828576358431863,0.16927134818319486
1.5896600221485353,0.17084180280484806
1.5964624084538845,0.17241225742650138
1.5964624084538845,0.17241225742650138
1.6032647947592336,0.1739827120481546
1.6032647947592336,0.1739827120481546
1.6100671810645828,0.17555316666980786
1.6100671810645828,0.17555316666980786
1.6168695673699318,0.1771236212914611
1.623657903872253,0.1787533566951566
1.623657903872253,0.1787533566951566
1.6304602901776022,0.18032381131680986
1.6304602901776022,0.18032381131680986
1.637248626679923,0.18195354672050534
1.6440510129852723,0.1835240013421586
1.6440510129852723,0.1835240013421586
1.6508533992906216,0.18509445596381185
1.6542475675417823,0.18590932366565963
1.6576417357929427,0.18672419136750737
1.6610359040441032,0.1875390590693551
1.6644300722952636,0.18835392677120286
1.6712184087975845,0.18998366217489834
1.6712184087975845,0.18998366217489834
1.6780207951029336,0.19155411679655157
1.681414963354094,0.19236898449839931
1.6848091316052547,0.19318385220024709
1.6882032998564154,0.19399871990209488
1.6915974681075758,0.19481358760394263
1.6983858046098967,0.19644332300763812
1.7017799728610572,0.19725819070948586
1.7017799728610572,0.19725819070948586
1.7085539149176756,0.19894712415383795
1.7085539149176756,0.19894712415383795
1.7153422514199967,0.20057685955753346
1.7187364196711572,0.2013917272593812
1.7221305879223177,0.20220659496122895
1.7221305879223177,0.20220659496122895
1.728904529978936,0.20389552840558103
1.7322986982300965,0.20471039610742878
1.735692866481257,0.20552526380927652
1.735692866481257,0.20552526380927652
1.7424668085378754,0.2072141972536286
1.749240750594494,0.20890313069798072
1.749240750594494,0.20890313069798072
1.756029087096815,0.2105328661016762
1.7594232553479754,0.21134773380352395
1.762817423599136,0.21216260150537172
1.762817423599136,0.21216260150537172
1.7695913656557545,0.2138515349497238
1.7763653077123727,0.21554046839407584
1.7763653077123727,0.21554046839407584
1.7763653077123727,0.21554046839407584
1.7865186796695618,0.21810338183581357
1.7898981095701323,0.21897736183319916
1.7898981095701323,0.21897736183319916
1.793277539470703,0.2198513418305848
1.8000363992718444,0.2215993018253561
1.8000363992718444,0.2215993018253561
1.8067798336713612,0.22340619962691882
1.8135232680708775,0.22521309742848147
1.8135232680708775,0.22521309742848147
1.8168869302137731,0.22614592349863136
1.8202505923566688,0.22707874956878119
1.8236142544995646,0.2280115756389311
1.8269779166424602,0.22894440170908098
1.8337213510419765,0.23075129951064363
1.8337213510419765,0.23075129951064363
1.8370850131848722,0.2316841255807935
1.8437958858118435,0.2336084373409926
1.8505067584388148,0.23553274910119174
1.8505067584388148,0.23553274910119174
1.8538536282199625,0.23652413709624845
1.8572004980011099,0.23751552509130514
1.8639113706280812,0.23943983685150425
1.8639113706280812,0.23943983685150425
1.8672582404092286,0.24043122484656093
1.8739519799715239,0.2424140008366743
1.880628246629138,0.2444551403915064
1.880628246629138,0.2444551403915064
1.887321986191433,0.24643791638161977
1.887321986191433,0.24643791638161977
1.8939982528490473,0.24847905593645195
1.8939982528490473,0.24847905593645195
1.9006745195066617,0.2505201954912841
1.9040035774371038,0.25156984342486055
1.907332635367546,0.2526194913584369
1.907332635367546,0.2526194913584369
1.9140089020251603,0.25466063091326907
1.9206851686827746,0.2567017704681012
1.9206851686827746,0.2567017704681012
1.9240142266132167,0.2577514184016776
1.9273432845436589,0.25880106633525396
1.9340195512012734,0.26084220589008617
1.9373486091317154,0.2618918538236625
1.9373486091317154,0.2618918538236625
1.9440067249925996,0.2639911496908152
1.9440067249925996,0.2639911496908152
1.9506648408534841,0.26609044555796796
1.9506648408534841,0.26609044555796796
1.9573229567143684,0.2681897414251207
1.9573229567143684,0.2681897414251207
1.9639625837471275,0.2703470870237046
1.9672916416775696,0.271396734957281
1.9706206996080118,0.2724463828908574
1.973949757538454,0.2734960308244337
1.977278815468896,0.27454567875801006
1.9806078733993382,0.27559532669158643
1.9872659892602225,0.27769462255873917
1.9905950471906644,0.2787442704923155
1.9972531630515487,0.2808435663594682
2.0005822209819906,0.2818932142930446
2.0039112789124327,0.282942862226621
2.007240336842875,0.28399251016019744
2.010569394773317,0.2850421580937738
2.013898452703759,0.2860918060273502
2.0205565685646434,0.2881911018945029
2.0238856264950855,0.2892407498280793
2.0272146844255277,0.2902903977616556
2.03054374235597,0.291340045695232
2.033872800286412,0.29238969362880834
2.0372018582168545,0.29343934156238477
2.0405309161472966,0.29448898949596114
2.043859974077739,0.29553863742953745
2.050518089938623,0.2976379332966902
2.050518089938623,0.2976379332966902
2.0571762057995073,0.29973722916384293
2.063815832832266,0.3018945747624268
2.063815832832266,0.3018945747624268
2.063815832832266,0.3018945747624268
2.070455459865025,0.3040519203610107
2.070455459865025,0.3040519203610107
2.077095086897784,0.3062092659595945
2.080405318914226,0.30731685409876186
2.083715550930668,0.3084244422379292
2.08702578294711,0.30953203037709653
2.090336014963552,0.31063961851626387
2.093646246979994,0.3117472066554312
2.093646246979994,0.3117472066554312
2.100247211893184,0.31402010114939877
2.103557443909626,0.3151276892885661
2.106867675926068,0.31623527742773344
2.1101779079425094,0.3173428655669007
2.1134881399589514,0.31845045370606817
2.1200891048721413,0.3207233482000356
2.1200891048721413,0.3207233482000356
2.1266900697853317,0.32299624269400323
2.133270865332736,0.3253266246193666
2.1365612631064383,0.3264918155820483
2.1365612631064383,0.3264918155820483
2.1431215551822014,0.3288795666257186
2.1464119529559036,0.3300447575884003
2.149702350729606,0.331209948551082
2.1562626428053693,0.33359769959475233
2.1562626428053693,0.33359769959475233
2.1628229348811328,0.3359854506384227
2.169383226956896,0.338373201682093
2.169383226956896,0.338373201682093
2.172652788200822,0.3395956405398343
2.1791704091106414,0.3420975208011088
2.182439970354568,0.3433199596588502
2.182439970354568,0.3433199596588502
2.1857095315984942,0.34454239851659163
2.192227152508314,0.3470442787778662
2.192227152508314,0.3470442787778662
2.198744773418133,0.34954615903914066
2.205262394327953,0.3520480393004152
2.205262394327953,0.3520480393004152
2.2117578518761976,0.35460666807258096
2.2117578518761976,0.35460666807258096
2.21500558065032,0.3558859824586638
2.2214785450637287,0.3585012298405787
2.2214785450637287,0.3585012298405787
2.227951509477138,0.36111647722249374
2.227951509477138,0.36111647722249374
2.2344244738905465,0.3637317246044086
2.237649380905219,0.3650675248272781
2.2408742879198913,0.3664033250501475
2.247324101949236,0.36907492549588633
2.247324101949236,0.36907492549588633
2.2505490089639086,0.37041072571875583
2.2569753451532413,0.373138543591624
2.263401681342575,0.3758663614644924
2.263401681342575,0.3758663614644924
2.266626588357247,0.3772021616873618
2.269851495371919,0.3785379619102312
2.276277831561252,0.38126577978309945
2.276277831561252,0.38126577978309945
2.2827041677505857,0.38399359765596786
2.2827041677505857,0.38399359765596786
2.289106373585196,0.3867773559799037
2.292307476502501,0.3881692351418716
2.2955085794198062,0.38956111430383955
2.2955085794198062,0.38956111430383955
2.3019107852544165,0.3923448726277753
2.305111888171722,0.39373675178974327
2.308312991089027,0.3951286309517112
2.3115140940063323,0.396520510113679
2.3178918444473333,0.3993600675577518
2.3178918444473333,0.3993600675577518
2.324269594888334,0.40219962500182427
2.324269594888334,0.40219962500182427
2.330622242354294,0.4050946932442047
2.333798566087274,0.40654222736539497
2.333798566087274,0.40654222736539497
2.3433526402612546,0.4108293189306579
2.3433526402612546,0.4108293189306579
2.3465289639942344,0.4122768530518481
2.349705287727214,0.4137243871730383
2.352881611460194,0.41517192129422836
2.3592088334282955,0.4181223533528006
2.362359410437971,0.41962510150029714
2.3655099874476466,0.4211278496477937
2.3686605644573224,0.4226305977952903
2.371811141466998,0.4241333459427868
2.3749617184766736,0.4256360940902834
2.3781122954863494,0.4271388422377801
2.381262872496025,0.42864159038527666
2.3875376386581224,0.43170199832816175
2.3875376386581224,0.43170199832816175
2.3938124048202196,0.43476240627104684
2.396936275410314,0.4363199106932068
2.4000601460004076,0.43787741511536654
2.4000601460004076,0.43787741511536654
2.4031840165905014,0.4394349195375263
2.40943175777069,0.4425499283818462
2.4125556283607836,0.44410743280400594
2.4156794989508774,0.4456649372261657
2.4188033695409716,0.44722244164832564
2.4219272401310654,0.4487799460704855
2.4281476391326002,0.4519493976677773
2.4281476391326002,0.4519493976677773
2.434368038134135,0.4551188492650691
2.4374642507434037,0.4567306355309572
2.4405604633526727,0.45834242179684553
2.4436566759619414,0.45995420806273374
2.44675288857121,0.46156599432862194
2.449849101180479,0.46317778059451026
2.4529453137897477,0.46478956686039846
2.4560415263990163,0.46640135312628656
2.462205663446195,0.4696788829323253
2.468369800493374,0.47295641273836425
2.468369800493374,0.47295641273836425
2.471437411985463,0.4746219898822705
2.474505023477552,0.47628756702617664
2.4806402464617308,0.47961872131398925
2.4806402464617308,0.47961872131398925
2.486775469445909,0.48294987560180164
2.486775469445909,0.48294987560180164
2.489843080937998,0.4846154527457078
2.4990166898670525,0.48966563953707104
2.4990166898670525,0.48966563953707104
2.5020843013591416,0.4913312166809772
2.5081902987961064,0.4947158263284341
2.5081902987961064,0.4947158263284341
2.514296296233071,0.4981004359758909
2.514296296233071,0.4981004359758909
2.520402293670035,0.5014850456233475
2.520402293670035,0.5014850456233475
2.526508291107,0.5048696552708045
2.526508291107,0.5048696552708045
2.532584443008465,0.5083073766127872
2.5356225189591974,0.5100262372837787
2.53866059490993,0.5117450979547702
2.544736746811395,0.515182819296753
2.544736746811395,0.515182819296753
2.5477748227621277,0.5169016799677446
2.55081289871286,0.5186205406387361
2.5538509746635927,0.5203394013097276
2.559896972544373,0.5238300598137162
2.559896972544373,0.5238300598137162
2.5659429704251537,0.5273207183177048
2.5689505854071646,0.5290923389341702
2.5719582003891754,0.5308639595506356
2.5749658153711863,0.5326355801671009
2.577973430353197,0.5344072007835661
2.583988660317219,0.5379504420164967
2.5869962752992297,0.5397220626329621
2.5869962752992297,0.5397220626329621
2.5900038902812406,0.5414936832494273
2.5960191202452623,0.5450369244823577
2.599026735227273,0.5468085450988232
2.599026735227273,0.5468085450988232
2.6050108918823467,0.5504041891709485
2.6109950485374207,0.5539998332430741
2.6109950485374207,0.5539998332430741
2.616947524266681,0.5576475150613484
2.616947524266681,0.5576475150613484
2.622931680921755,0.5612431591334739
2.625907918786385,0.563067000042611
2.6288841566510155,0.5648908409517484
2.6288841566510155,0.5648908409517484
2.6348366323802757,0.5685385227700227
2.637812870244906,0.57036236367916
2.637812870244906,0.57036236367916
2.6437333628421857,0.5740618980514061
2.6496538554394653,0.5777614324236522
2.6496538554394653,0.5777614324236522
2.6526300933040954,0.5795852733327894
2.6556063311687255,0.5814091142419267
2.6615268237660055,0.5851086486141729
2.6615268237660055,0.5851086486141729
2.667447316363285,0.5888081829864189
2.667447316363285,0.5888081829864189
2.6733352246760136,0.5925591942708196
2.676279178832378,0.5944346999130199
2.6792231329887426,0.5963102055552204
2.6792231329887426,0.5963102055552204
2.6851110413014716,0.6000612168396212
2.6880549954578363,0.6019367224818217
2.690998949614201,0.6038122281240222
2.6939429037705653,0.6056877337662225
2.6997979288706526,0.6094900315245813
2.6997979288706526,0.6094900315245813
2.70565295397074,0.61329232928294
2.7115079790708276,0.617094627041299
2.7115079790708276,0.617094627041299
2.7173295264531148,0.6209478251974517
2.7173295264531148,0.6209478251974517
2.723184551553202,0.6247501229558104
2.723184551553202,0.6247501229558104
2.726095325244346,0.6266767220338869
2.7290060989354896,0.6286033211119633
2.7348276463177776,0.6324565192681163
2.7377384200089216,0.6343831183461928
2.7406491937000657,0.6363097174242692
2.7435599673912097,0.6382363165023457
2.74934774149674,0.6421402194300863
2.74934774149674,0.6421402194300863
2.7551355156022708,0.6460441223578267
2.7609232897078018,0.6499480252855674
2.7609232897078018,0.6499480252855674
2.7637999962838613,0.6519251309387772
2.7695534094359813,0.6558793422451973
2.7695534094359813,0.6558793422451973
2.772430116012041,0.6578564478984071
2.778217890117572,0.6617603508261478
2.778217890117572,0.6617603508261478
2.781094596693632,0.6637374564793578
2.7868133567925457,0.6677417754098302
2.79253211689146,0.671746094340303
2.79253211689146,0.671746094340303
2.7954088234675196,0.6737231999935128
2.798285530043579,0.6757003056467227
2.8040042901424935,0.6797046245771955
2.8040042901424935,0.6797046245771955
2.8097230502414074,0.683708943507668
2.8154418103403214,0.6877132624381406
2.8154418103403214,0.6877132624381406
2.818283573528607,0.6897402724209496
2.821125336716892,0.6917672824037584
2.826844096815806,0.695771601334231
2.826844096815806,0.695771601334231
2.8325628569147203,0.6997759202647037
2.8354046201030054,0.7018029302475124
2.8382463832912905,0.7038299402303211
2.8439299096678616,0.707883960195939
2.8439299096678616,0.707883960195939
2.8496134360444323,0.7119379801615567
2.852455199232718,0.7139649901443657
2.852455199232718,0.7139649901443657
2.8581032033352907,0.7180685053232335
2.8609449665235758,0.7200955153060422
2.8637867297118613,0.7221225252888512
2.8694347338144337,0.7262260404677189
2.8694347338144337,0.7262260404677189
2.8750827379170056,0.7303295556465863
2.8750827379170056,0.7303295556465863
2.8807307420195785,0.7344330708254543
2.8807307420195785,0.7344330708254543
2.886378746122151,0.7385365860043219
2.886378746122151,0.7385365860043219
2.892026750224723,0.7426401011831896
2.892026750224723,0.7426401011831896
2.8976747543272956,0.7467436163620571
2.900480708499211,0.748819913227588
2.903286662671126,0.7508962100931189
2.903286662671126,0.7508962100931189
2.911740620945614,0.7570760221375178
2.911740620945614,0.7570760221375178
2.914546575117529,0.7591523190030486
2.9173525292894436,0.7612286158685794
2.9229644376332735,0.7653812095996411
2.9257703918051887,0.767457506465172
2.928576345977104,0.769533803330703
2.928576345977104,0.769533803330703
2.934151873646572,0.7737352647874908
2.9397637819904023,0.7778878585185526
2.9397637819904023,0.7778878585185526
2.9425697361623175,0.7799641553840835
2.9453756903342323,0.7820404522496143
2.9509512180037003,0.7862419137064022
2.953757172175615,0.788318210571933
2.95656312634753,0.7903945074374638
2.962138654016998,0.7945959688942514
2.962138654016998,0.7945959688942514
2.962138654016998,0.7945959688942514
2.9732897093559334,0.8029988918078267
2.9732897093559334,0.8029988918078267
2.978828290225377,0.807248794384055
2.978828290225377,0.807248794384055
2.9815975806600994,0.8093737456721692
2.9843668710948212,0.8114986969602834
2.989942398764289,0.815700158417071
2.989942398764289,0.815700158417071
2.995480979633733,0.8199500609932994
2.9982502700684552,0.8220750122814137
3.001019560503177,0.8241999635695277
3.003788850937899,0.8263249148576419
3.009327431807343,0.8305748174338703
3.009327431807343,0.8305748174338703
3.012096722242065,0.8326997687219845
3.014866012676787,0.8348247200100988
3.020367365553411,0.8391228479389462
3.023136655988133,0.8412477992270605
3.025905946422855,0.8433727505151746
3.025905946422855,0.8433727505151746
3.0314072992994787,0.847670878444022
3.0369086521761024,0.8519690063728693
3.0369086521761024,0.8519690063728693
3.0369086521761024,0.8519690063728693
3.042410005052726,0.8562671343017167
3.0479113579293498,0.8605652622305643
3.0479113579293498,0.8605652622305643
3.050643141074185,0.8627382206605144
3.053374924219021,0.8649111790904646
3.058876277095645,0.8692093070193121
3.058876277095645,0.8692093070193121
3.064339843385316,0.8735552238792124
3.067071626530152,0.8757281823091627
3.067071626530152,0.8757281823091627
3.0752289119933884,0.8822946258886162
3.0752289119933884,0.8822946258886162
3.080730264870012,0.8865927538174635
3.080730264870012,0.8865927538174635
3.086193831159684,0.8909386706773642
3.086193831159684,0.8909386706773642
3.0916573974493557,0.8952845875372645
3.0943891805941917,0.8974575459672147
3.0998146829125925,0.9018510311167182
3.0998146829125925,0.9018510311167182
3.105240185230993,0.9062445162662214
3.105240185230993,0.9062445162662214
3.1106656875493934,0.9106380014157244
3.1106656875493934,0.9106380014157244
3.116091189867794,0.9150314865652276
3.116091189867794,0.9150314865652276
3.1215166921861943,0.9194249717147308
3.1269421945045948,0.923818456864234
3.1269421945045948,0.923818456864234
3.1323676968229948,0.9282119420137369
3.1323676968229948,0.9282119420137369
3.1377545842776757,0.9326525493489342
3.1377545842776757,0.9326525493489342
3.143180086596076,0.9370460344984374
3.143180086596076,0.9370460344984374
3.151299032641817,0.9436598233155394
3.151299032641817,0.9436598233155394
3.153992476369157,0.9458801269831378
3.156685920096497,0.9481004306507362
3.162072807551178,0.9525410379859336
3.164766251278518,0.954761341653532
3.1674596950058582,0.9569816453211304
3.1674596950058582,0.9569816453211304
3.1728076941054715,0.9614691493931523
3.1781556932050843,0.9659566534651739
3.1781556932050843,0.9659566534651739
3.1808491369324248,0.9681769571327726
3.1835425806597653,0.9703972608003714
3.188890579759378,0.9748847648723928
3.1942385788589913,0.9793722689444149
3.1942385788589913,0.9793722689444149
3.1942385788589913,0.9793722689444149
3.199586577958604,0.9838597730164365
3.204934577058217,0.988347277088458
3.204934577058217,0.988347277088458
3.2075888609190106,0.9906142496676994
3.2102431447798043,0.9928812222469408
3.2102431447798043,0.9928812222469408
3.215591143879417,0.9973687263189623
3.218245427740211,0.9996356988982036
3.220899711601004,1.0019026714774446
3.2235539954617973,1.0041696440566856
3.226208279322591,1.0064366166359269
3.2315168470441784,1.0109705617944094
3.2341711309049717,1.0132375343736504
3.2341711309049717,1.0132375343736504
3.2394399977334642,1.0178176904309788
3.242094281594258,1.02008466301022
3.2447485654550516,1.0223516355894613
3.2447485654550516,1.0223516355894613
3.250017432283544,1.0269317916467895
3.255286299112037,1.0315119477041184
3.255286299112037,1.0315119477041184
3.2605551659405294,1.0360921037614468
3.2605551659405294,1.0360921037614468
3.265824032769022,1.0406722598187752
3.265824032769022,1.0406722598187752
3.2710928995975146,1.0452524158761036
3.276361766426007,1.049832571933432
3.276361766426007,1.049832571933432
3.2789760818996774,1.0521455228825074
3.2815903973733476,1.0544584738315832
3.286819028320688,1.0590843757297341
3.289433343794358,1.0613973266788095
3.289433343794358,1.0613973266788095
3.294621473403854,1.066068739561541
3.2998096030133497,1.0707401524442721
3.2998096030133497,1.0707401524442721
3.30242391848702,1.0730531033933475
3.30503823396069,1.075366054342423
3.3102263635701856,1.0800374672251543
3.3102263635701856,1.0800374672251543
3.3154144931796816,1.084708880107886
3.3154144931796816,1.084708880107886
3.3205615946611378,1.0894253296511758
3.3205615946611378,1.0894253296511758
3.3257497242706333,1.0940967425339068
3.3257497242706333,1.0940967425339068
3.330937853880129,1.098768155416638
3.336084955361585,1.1034846049599274
3.336084955361585,1.1034846049599274
3.338658506102313,1.105842829731572
3.343805607583769,1.1105592792748618
3.3463791583244973,1.1129175040465062
3.3489527090652254,1.1152757288181512
3.3489527090652254,1.1152757288181512
3.3540585211011864,1.120036975568668
3.3591643331371475,1.124798222319185
3.3591643331371475,1.124798222319185
3.3643114346186036,1.1295146718624747
3.3668849853593317,1.1318728966341196
3.3694585361000597,1.1342311214057643
3.3694585361000597,1.1342311214057643
3.374564348136021,1.1389923681562812
3.379670160171982,1.1437536149067982
3.379670160171982,1.1437536149067982
3.384775972207943,1.148514861657315
3.384775972207943,1.148514861657315
3.389881784243904,1.153276108407832
3.392413786323204,1.155678888663936
3.3949457884025036,1.15808166892004
3.397477790481803,1.1604844491761437
3.400009792561103,1.1628872294322476
3.405115604597064,1.1676484761827646
3.405115604597064,1.1676484761827646
3.4101796087556635,1.1724540366949725
3.4127116108349633,1.1748568169510765
3.4127116108349633,1.1748568169510765
3.4152436129142627,1.1772595972071802
3.4203076170728623,1.1820651577193881
3.422839619152162,1.1844679379754919
3.422839619152162,1.1844679379754919
3.4278615583347816,1.1893175682719115
3.4328834975174005,1.1941671985683304
3.4328834975174005,1.1941671985683304
3.43790543670002,1.1990168288647498
3.43790543670002,1.1990168288647498
3.442927375882639,1.2038664591611687
3.4479493150652583,1.2087160894575881
3.4479493150652583,1.2087160894575881
3.4504389972107683,1.2111626932880086
3.4529286793562783,1.2136092971184291
3.4579506185388977,1.2184589274148487
3.4579506185388977,1.2184589274148487
3.4629725577215167,1.223308557711268
3.4654622398670267,1.2257551615416886
3.470441604158047,1.23064836920253
3.470441604158047,1.23064836920253
3.472931286303557,1.233094973032951
3.475420968449067,1.2355415768633715
3.477910650594577,1.2379881806937922
3.482890014885597,1.2428813883546341
3.485379697031107,1.2453279921850549
3.487869379176617,1.2477745960154754
3.490359061322127,1.2502211998458963
3.490359061322127,1.2502211998458963
3.495295597920081,1.25515773644385
3.5002321345180345,1.2600942730418037
3.5002321345180345,1.2600942730418037
3.505168671115988,1.2650308096397573
3.505168671115988,1.2650308096397573
3.510105207713942,1.269967346237711
3.510105207713942,1.269967346237711
3.5150417443118958,1.2749038828356647
3.5199782809098497,1.2798404194336184
3.5199782809098497,1.2798404194336184
3.5224248847402704,1.2823301015791286
3.527318092401112,1.2873094658701485
3.5297646962315326,1.2897991480156583
3.5297646962315326,1.2897991480156583
3.5347012328294865,1.294735684613612
3.537147836659907,1.2972253667591218
3.539594440490328,1.299715048904632
3.5420410443207486,1.3022047310501423
3.5444876481511693,1.3046944131956522
3.54693425198159,1.307184095341162
3.549380855812011,1.309673777486672
3.5543173924099647,1.3146103140846261
3.5567639962403854,1.3170999962301364
3.559210600070806,1.3195896783756464
3.561657203901227,1.3220793605211567
3.5641038077316476,1.3245690426666665
3.5665504115620683,1.3270587248121763
3.568997015392489,1.3295484069576866
3.5714436192229098,1.3320380891031964
3.576293249519329,1.3370600282858156
3.576293249519329,1.3370600282858156
3.5787398533497496,1.3395497104313259
3.5811864571801704,1.3420393925768357
3.5860360874765895,1.347061331759455
3.5860360874765895,1.347061331759455
3.5908857177730082,1.352083270942074
3.5932884980291124,1.3546152730213739
3.5956912782852166,1.3571472751006737
3.5956912782852166,1.3571472751006737
3.6005409085816353,1.3621692142832926
3.6053905388780545,1.367191153465912
3.6053905388780545,1.367191153465912
3.607837142708475,1.3696808356114218
3.6127303503693167,1.374660199902442
3.6151769541997374,1.3771498820479517
3.620070161860579,1.3821292463389714
3.6225167656909996,1.3846189284844816
3.6249633695214203,1.387108610629992
3.627409973351841,1.389598292775502
3.6323031810126825,1.3945776570665225
3.6323031810126825,1.3945776570665225
3.637196388673524,1.3995570213575428
3.6396429925039446,1.402046703503053
3.6396429925039446,1.402046703503053
3.644536200164786,1.4070260677940727
3.646982803995207,1.409515749939583
3.6494294078256275,1.4120054320850928
3.654322615486469,1.4169847963761124
3.654322615486469,1.4169847963761124
3.6567692193168897,1.4194744785216227
3.6592158231473104,1.421964160667133
3.661662426977731,1.4244538428126428
3.664109030808152,1.4269435249581526
3.6665556346385726,1.4294332071036626
3.6690022384689933,1.4319228892491729
3.6738954461298348,1.4369022535401925
3.6738954461298348,1.4369022535401925
3.6763420499602555,1.4393919356857028
3.678788653790676,1.441881617831213
3.681235257621097,1.4443712999767229
3.6836818614515177,1.4468609821222331
3.688575069112359,1.451840346413253
3.69102167294278,1.4543300285587633
3.69102167294278,1.4543300285587633
3.6934682767732006,1.456819710704273
3.700851417201575,1.4642459294477366
3.700851417201575,1.4642459294477366
3.703298021031996,1.4667356115932468
3.7057446248624166,1.4692252937387569
3.710637832523258,1.4742046580297774
3.710637832523258,1.4742046580297774
3.715574369121212,1.479141194627731
3.715574369121212,1.479141194627731
3.7205109057191654,1.4840777312256848
3.7254474423171193,1.4890142678236384
3.7254474423171193,1.4890142678236384
3.7303406499779608,1.4939936321146585
3.7327872538083815,1.4964833142601683
3.7352338576388022,1.4989729964056782
3.737680461469223,1.5014626785511884
3.7425736691300644,1.5064420428422085
3.745020272960485,1.5089317249877188
3.747466876790906,1.511421407133229
3.7499134806213266,1.5139110892787389
3.7523600844517473,1.5164007714242487
3.754806688282168,1.5188904535697585
3.759743224880122,1.5238269901677122
3.759743224880122,1.5238269901677122
3.7646364325409634,1.5288063544587323
3.767083036371384,1.5312960366042425
3.769529640201805,1.5337857187497523
3.769529640201805,1.5337857187497523
3.7744661767997587,1.538722255347706
3.7794027133977126,1.5436587919456597
3.7794027133977126,1.5436587919456597
3.7818493172281333,1.54614847409117
3.786742524888975,1.5511278383821905
3.7891891287193955,1.5536175205277003
3.7891891287193955,1.5536175205277003
3.794125665317349,1.5585540571256538
3.7990188729781904,1.5635334214166743
3.7990188729781904,1.5635334214166743
3.803912080639032,1.5685127857076944
3.803912080639032,1.5685127857076944
3.8088052882998733,1.5734921499987145
3.8136984959607148,1.578471514289734
3.8136984959607148,1.578471514289734
3.8161450997911355,1.580961196435244
3.820994730087555,1.5859831356178635
3.823441333917976,1.5884728177633733
3.823441333917976,1.5884728177633733
3.8283778705159297,1.593409354361327
3.8308244743463504,1.5958990365068373
3.833271078176771,1.598388718652347
3.835717682007192,1.6008784007978574
3.8381642858376126,1.6033680829433672
3.843057493498454,1.6083474472343868
3.8455040973288748,1.610837129379897
3.8479507011592955,1.6133268115254074
3.8528872377572494,1.618263348123361
3.85533384158767,1.6207530302688709
3.85533384158767,1.6207530302688709
3.857780445418091,1.6232427124143811
3.8626736530789323,1.6282220767054016
3.865120256909353,1.630711758850912
3.8675668607397737,1.6332014409964217
3.8700134645701945,1.6356911231419315
3.8748630948666136,1.6407130623245507
3.8748630948666136,1.6407130623245507
3.8797127251630323,1.6457350015071697
3.8797127251630323,1.6457350015071697
3.884605932823874,1.6507143657981902
3.8870525366542945,1.6532040479437
3.8894991404847152,1.6556937300892098
3.891945744315136,1.65818341223472
3.8968389519759774,1.6631627765257402
3.899285555806398,1.66565245867125
3.899285555806398,1.66565245867125
3.901732159636819,1.6681421408167603
3.9066253672976603,1.6731215051077803
3.909071971128081,1.6756111872532902
3.9115185749585017,1.6781008693988
3.913965178788923,1.6805905515443105
3.9164117826193436,1.6830802336898203
3.9188583864497644,1.6855699158353301
3.923708016746183,1.690591855017949
3.923708016746183,1.690591855017949
3.9286012244070245,1.6955712193089696
3.9286012244070245,1.6955712193089696
3.9334508547034437,1.7005931584915888
3.9334508547034437,1.7005931584915888
3.9383004849998633,1.7056150976742084
3.940747088830284,1.7081047798197182
3.9431936926607047,1.710594461965228
3.9431936926607047,1.710594461965228
3.9480433229571243,1.7156164011478476
3.9528929532535435,1.7206383403304668
3.9528929532535435,1.7206383403304668
3.9553395570839642,1.7231280224759766
3.957786160914385,1.7256177046214864
3.962635791210804,1.7306396438041056
3.962635791210804,1.7306396438041056
3.9674854215072233,1.7356615829867248
3.9723350518036424,1.740683522169344
3.9723350518036424,1.740683522169344
3.9723350518036424,1.740683522169344
3.977184682100061,1.745705461351963
3.9820343123964803,1.750727400534582
3.9820343123964803,1.750727400534582
3.9844370926525845,1.7532594026138824
3.9868398729086882,1.755791404693182
3.9916895032051074,1.7608133438758011
3.9916895032051074,1.7608133438758011
3.996539133501526,1.76583528305842
3.9989419137576303,1.7683672851377203
4.001344694013734,1.77089928721702
4.001344694013734,1.77089928721702
4.006194324310154,1.7759212263996391
4.011043954606573,1.7809431655822583
4.011043954606573,1.7809431655822583
4.013446734862677,1.783475167661558
4.01584951511878,1.7860071697408575
4.0206991454151995,1.791029108923477
4.025548775711619,1.7960510481060967
4.025548775711619,1.7960510481060967
4.025548775711619,1.7960510481060967
4.030398406008038,1.8010729872887157
4.0352480363044565,1.8060949264713346
4.0352480363044565,1.8060949264713346
4.040097666600876,1.8111168656539542
4.044947296897296,1.8161388048365734
4.044947296897296,1.8161388048365734
4.047350077153399,1.818670806915873
4.049752857409502,1.8212028089951726
4.054602487705922,1.8262247481777922
4.054602487705922,1.8262247481777922
4.0594521180023415,1.8312466873604114
4.0594521180023415,1.8312466873604114
4.06430174829876,1.8362686265430304
4.06915137859518,1.8412905657256495
4.074001008891599,1.8463125049082691
4.074001008891599,1.8463125049082691
4.076403789147703,1.8488445069875687
4.078806569403806,1.8513765090668683
4.083656199700226,1.856398448249488
4.083656199700226,1.856398448249488
4.088461760212433,1.8614624524080874
4.088461760212433,1.8614624524080874
4.093311390508853,1.8664843915907066
4.098161020805272,1.8715063307733257
4.098161020805272,1.8715063307733257
4.103010651101691,1.8765282699559447
4.103010651101691,1.8765282699559447
4.107860281398111,1.8815502091385645
4.107860281398111,1.8815502091385645
4.112709911694529,1.8865721483211835
4.112709911694529,1.8865721483211835
4.117515472206737,1.8916361524797831
4.117515472206737,1.8916361524797831
4.122365102503156,1.896658091662402
4.122365102503156,1.896658091662402
4.127214732799575,1.9016800308450217
4.127214732799575,1.9016800308450217
4.132064363095994,1.9067019700276406
4.132064363095994,1.9067019700276406
4.1369139933924135,1.9117239092102603
4.141763623688832,1.9167458483928792
4.141763623688832,1.9167458483928792
4.1442102275192525,1.919235530538389
4.146656831349674,1.9217252126838993
4.151506461646093,1.9267471518665185
4.151506461646093,1.9267471518665185
4.156356091942513,1.9317690910491376
4.158802695772934,1.934258773194648
4.161249299603355,1.9367484553401582
4.1636959034337755,1.939238137485668
4.166142507264196,1.9417278196311778
4.170992137560615,1.9467497588137974
4.175885345221457,1.9517291231048175
4.175885345221457,1.9517291231048175
4.175885345221457,1.9517291231048175
4.180778552882298,1.9567084873958376
4.185628183178717,1.9617304265784565
4.185628183178717,1.9617304265784565
4.190521390839558,1.9667097908694766
4.192967994669979,1.9691994730149864
4.1954145985004,1.971689155160497
4.19786120233082,1.9741788373060067
4.20030780616124,1.9766685194515166
4.205201013822081,1.9816478837425362
4.207647617652502,1.9841375658880467
4.207647617652502,1.9841375658880467
4.212584154250456,1.9890741024860001
4.217520690848409,1.9940106390839538
4.217520690848409,1.9940106390839538
4.2224138985092505,1.9989900033749741
4.224860502339671,2.001479685520484
4.227307106170091,2.003969367665994
4.227307106170091,2.003969367665994
4.2322436427680445,2.008905904263948
4.237180179365998,2.013842440861902
4.237180179365998,2.013842440861902
4.2420733870268394,2.018821805152922
4.2420733870268394,2.018821805152922
4.247009923624794,2.023758341750876
4.247009923624794,2.023758341750876
4.251946460222747,2.02869487834883
4.251946460222747,2.02869487834883
4.256882996820701,2.0336314149467833
4.256882996820701,2.0336314149467833
4.261819533418655,2.0385679515447372
4.261819533418655,2.0385679515447372
4.2667560700166085,2.0435044881426907
4.269245752162118,2.0459510919731114
4.271735434307629,2.0483976958035326
4.274225116453139,2.0508442996339533
4.279204480744158,2.0557375072947948
4.281694162889668,2.0581841111252155
4.2841838450351775,2.060630714955636
4.2841838450351775,2.060630714955636
4.289163209326197,2.0655239226164777
4.291652891471707,2.067970526446899
4.294142573617218,2.07041713027732
4.299121937908237,2.0753103379381614
4.299121937908237,2.0753103379381614
4.301611620053746,2.077756941768582
4.304101302199257,2.080203545599003
4.306590984344767,2.0826501494294236
4.309080666490277,2.0850967532598443
4.314102605672896,2.0899463835562635
4.316592287818406,2.0923929873866842
4.319081969963916,2.094839591217105
4.319081969963916,2.094839591217105
4.324103909146535,2.0996892215135237
4.324103909146535,2.0996892215135237
4.329125848329155,2.1045388518099437
4.331657850408455,2.1069416320660475
4.3341898524877545,2.1093444123221516
4.339211791670373,2.1141940426185704
4.339211791670373,2.1141940426185704
4.344233730852992,2.119043672914989
4.344233730852992,2.119043672914989
4.346765732932292,2.1214464531710933
4.351829737090892,2.126252013683301
4.354361739170192,2.128654793939405
4.354361739170192,2.128654793939405
4.359383678352811,2.1335044242358236
4.36191568043211,2.1359072044919274
4.367021492468072,2.140668451242445
4.369553494547372,2.1430712314985487
4.369553494547372,2.1430712314985487
4.374617498705971,2.147876792010756
4.377149500785271,2.1502795722668604
4.382255312821233,2.1550408190173775
4.382255312821233,2.1550408190173775
4.387361124857194,2.1598020657678947
4.387361124857194,2.1598020657678947
4.389893126936494,2.1622048460239984
4.392425129015794,2.1646076262801026
4.397530941051755,2.1693688730306198
4.397530941051755,2.1693688730306198
4.402636753087717,2.174130119781137
4.402636753087717,2.174130119781137
4.407742565123678,2.178891366531654
4.407742565123678,2.178891366531654
4.41284837715964,2.183652613282171
4.41284837715964,2.183652613282171
4.417954189195601,2.1884138600326883
4.417954189195601,2.1884138600326883
4.423060001231563,2.1931751067832055
4.423060001231563,2.1931751067832055
4.4281658132675235,2.197936353533722
4.430739364008251,2.2002945783053667
4.433312914748979,2.202652803077011
4.433312914748979,2.202652803077011
4.440992277525668,2.209772274599173
4.443565828266396,2.212130499370818
4.443565828266396,2.212130499370818
4.446139379007124,2.2144887241424627
4.448712929747852,2.216846948914107
4.453818741783813,2.2216081956646243
4.456392292524542,2.2239664204362692
4.458965843265269,2.2263246452079137
4.461539394005997,2.2286828699795582
4.466686495487454,2.2333993195228485
4.466686495487454,2.2333993195228485
4.47183359696891,2.238115769066138
4.474407147709638,2.2404739938377825
4.476980698450365,2.242832218609427
4.476980698450365,2.242832218609427
4.482127799931821,2.2475486681527164
4.484701350672549,2.249906892924361
4.487274901413277,2.2522651176960053
4.492422002894734,2.2569815672392957
4.492422002894734,2.2569815672392957
4.494995553635461,2.25933979201094
4.497569104376189,2.2616980167825846
4.5001426551169175,2.26405624155423
4.505289756598373,2.268772691097519
4.5078633073391,2.2711309158691635
4.510436858079828,2.273489140640808
4.5130104088205565,2.2758473654124534
4.515583959561284,2.278205590184098
4.518157510302012,2.2805638149557423
4.52073106104274,2.2829220397273873
4.523304611783468,2.2852802644990318
4.528451713264924,2.289996714042321
4.531025264005652,2.2923549388139657
4.531025264005652,2.2923549388139657
4.533598814746379,2.29471316358561
4.538786944355875,2.299384576468342
4.541360495096603,2.3017428012399863
4.5439340458373305,2.304101026011631
4.5439340458373305,2.304101026011631
4.5491221754468265,2.308772438894362
4.5543103050563225,2.3134438517770937
4.5543103050563225,2.3134438517770937
4.559498434665818,2.3181152646598244
4.562112750139487,2.3204282156089
4.564727065613157,2.322741166557975
4.564727065613157,2.322741166557975
4.569915195222653,2.327412579440707
4.575103324832148,2.3320839923234375
4.575103324832148,2.3320839923234375
4.580291454441644,2.336755405206169
4.582905769915315,2.339068356155245
4.585520085388985,2.3413813071043204
4.588134400862654,2.3436942580533957
4.590748716336324,2.346007209002471
4.5959773472836645,2.350633110900622
4.598591662757334,2.3529460618496976
4.598591662757334,2.3529460618496976
4.603860529585827,2.357526217907026
4.609129396414319,2.3621063739643544
4.609129396414319,2.3621063739643544
4.614398263242812,2.366686530021683
4.614398263242812,2.366686530021683
4.619667130071305,2.3712666860790117
4.622321413932099,2.373533658658253
4.624975697792892,2.375800631237494
4.630244564621385,2.380380787294823
4.632898848482178,2.382647759874064
4.635553132342972,2.3849147324533053
4.638207416203766,2.3871817050325466
4.64086170006456,2.389448677611788
4.646130566893053,2.394028833669116
4.648784850753846,2.3962958062483573
4.648784850753846,2.3962958062483573
4.651439134614639,2.3985627788275985
4.656747702336227,2.403096723986081
4.659401986197021,2.4053636965653227
4.659401986197021,2.4053636965653227
4.664749985296634,2.4098512006373443
4.6700979843962465,2.414338704709366
4.6700979843962465,2.414338704709366
4.675406552117833,2.4188726498678483
4.675406552117833,2.4188726498678483
4.680754551217447,2.423360153939871
4.680754551217447,2.423360153939871
4.6861025503170595,2.4278476580118924
4.6861025503170595,2.4278476580118924
4.6914894377717395,2.4322882653470894
4.6941828814990805,2.434508569014688
4.6941828814990805,2.434508569014688
4.6968763252264205,2.4367288726822864
4.7022632126811015,2.4411694800174835
4.704956656408442,2.443389783685082
4.704956656408442,2.443389783685082
4.710382158726842,2.447783268834585
4.715769046181523,2.4522238761697825
4.715769046181523,2.4522238761697825
4.721194548499924,2.456617361319286
4.72392633164476,2.458790319749236
4.726658114789596,2.460963278179186
4.732083617107996,2.465356763328689
4.732083617107996,2.465356763328689
4.737547183397668,2.4697026801885897
4.740278966542504,2.4718756386185397
4.74301074968734,2.4740485970484896
4.745742532832176,2.4762215554784395
4.7484743159770115,2.47839451390839
4.751206099121848,2.4805674723383406
4.753937882266684,2.4827404307682905
4.75666966541152,2.4849133891982405
4.762133231701192,2.4892593060581403
4.762133231701192,2.4892593060581403
4.7676345845778165,2.493557433986988
4.7676345845778165,2.493557433986988
4.77313593745444,2.497855561915835
4.778637290331064,2.502153689844682
4.778637290331064,2.502153689844682
4.781406580765786,2.5042786411327964
4.78694516163523,2.5085285437090246
4.789714452069951,2.5106534949971384
4.789714452069951,2.5106534949971384
4.795215804946575,2.5149516229259863
4.797985095381296,2.5170765742141
4.800754385816018,2.519201525502214
4.803523676250739,2.521326476790328
4.8062929666854615,2.5234514280784426
4.809062257120184,2.525576379366557
4.811831547554905,2.5277013306546707
4.820176365659094,2.534027743399572
4.820176365659094,2.534027743399572
4.820176365659094,2.534027743399572
4.825751893328562,2.5382292048563597
4.825751893328562,2.5382292048563597
4.83132742099803,2.5424306663131477
4.836902948667498,2.5466321277699353
4.836902948667498,2.5466321277699353
4.839708902839413,2.548708424635466
4.842514857011328,2.550784721500997
4.8481267653551585,2.554937315232059
4.850932719527074,2.55701361209759
4.853738673698989,2.559089908963121
4.8593142013684565,2.5632913704199085
4.8593142013684565,2.5632913704199085
4.862120155540372,2.5653676672854395
4.864926109712287,2.5674439641509705
4.870538018056117,2.571596557882033
4.8733439722280325,2.573672854747564
4.8733439722280325,2.573672854747564
4.878991976330605,2.5777763699264313
4.884639980433177,2.5818798851052986
4.884639980433177,2.5818798851052986
4.8902879845357505,2.585983400284167
4.8902879845357505,2.585983400284167
4.895935988638323,2.590086915463034
4.898777751826608,2.592113925445843
4.901619515014893,2.5941409354286518
4.907303041391464,2.5981949553942694
4.907303041391464,2.5981949553942694
4.91014480457975,2.600221965377078
4.912986567768036,2.602248975359887
4.915828330956321,2.6042759853426958
4.9215118573328915,2.6083300053083134
4.9243536205211775,2.6103570152911226
4.9271953837094635,2.612384025273932
4.932878910086034,2.6164380452395495
4.932878910086034,2.6164380452395495
4.938597670184947,2.620442364170022
4.938597670184947,2.620442364170022
4.944316430283862,2.6244466831004947
4.944316430283862,2.6244466831004947
4.950035190382775,2.628451002030967
4.95575395048169,2.6324553209614403
4.95575395048169,2.6324553209614403
4.961507363633809,2.63640953226786
4.964384070209869,2.63838663792107
4.970137483361989,2.64234084922749
4.970137483361989,2.64234084922749
4.9730141899380484,2.6443179548807
4.978732950036963,2.6483222738111722
4.978732950036963,2.6483222738111722
4.981609656613022,2.650299379464382
4.987363069765142,2.6542535907708023
4.987363069765142,2.6542535907708023
4.993150843870673,2.6581574936985426
4.998938617976203,2.662061396626283
4.998938617976203,2.662061396626283
5.004726392081734,2.6659652995540233
5.010514166187265,2.669869202481764
5.010514166187265,2.669869202481764
5.013424939878409,2.67179580155984
5.016335713569553,2.6737224006379168
5.016335713569553,2.6737224006379168
5.0221572609518415,2.67757559879407
5.0250680346429855,2.6795021978721465
5.0279788083341295,2.6814287969502226
5.0279788083341295,2.6814287969502226
5.0338003557164175,2.685281995106375
5.0367111294075615,2.687208594184451
5.0396219030987055,2.689135193262527
5.0425326767898495,2.6910617923406033
5.045443450480994,2.6929883914186803
5.048354224172138,2.694914990496757
5.051264997863282,2.696841589574833
5.054175771554426,2.6987681886529096
5.060030796654513,2.7025704864112683
5.060030796654513,2.7025704864112683
5.0658858217546,2.706372784169627
5.0658858217546,2.706372784169627
5.071740846854689,2.7101750819279866
5.071740846854689,2.7101750819279866
5.077595871954776,2.7139773796863453
5.077595871954776,2.7139773796863453
5.083483780267503,2.7177283909707457
5.086427734423868,2.7196038966129463
5.089371688580233,2.721479402255147
5.089371688580233,2.721479402255147
5.0952267136803195,2.7252817000135057
5.104091160433963,2.730856740027952
5.104091160433963,2.730856740027952
5.110011653031243,2.734556274400198
5.110011653031243,2.734556274400198
5.112955607187608,2.7364317800423987
5.115899561343972,2.738307285684599
5.115899561343972,2.738307285684599
5.121820053941252,2.742006820056845
5.127740546538531,2.7457063544290907
5.127740546538531,2.7457063544290907
5.13366103913581,2.7494058888013364
5.136637277000441,2.7512297297104737
5.139613514865071,2.753053570619611
5.139613514865071,2.753053570619611
5.14553400746235,2.7567531049918568
5.148510245326981,2.7585769459009946
5.154494401982054,2.7621725899731198
5.157470639846685,2.7639964308822575
5.160446877711315,2.765820271791395
5.160446877711315,2.765820271791395
5.166431034366388,2.76941591586352
5.166431034366388,2.76941591586352
5.172383510095648,2.773063597681795
5.172383510095648,2.773063597681795
5.175359747960278,2.774887438590932
5.178335985824908,2.7767112795000695
5.184320142479981,2.780306923572195
5.184320142479981,2.780306923572195
5.190304299135055,2.7839025676443208
5.190304299135055,2.7839025676443208
5.196288455790128,2.7874982117164464
5.199296070772139,2.7892698323329115
5.20230368575415,2.791041452949377
5.205311300736161,2.7928130735658425
5.208318915718173,2.794584694182308
5.211326530700184,2.7963563147987736
5.214334145682195,2.798127935415239
5.217341760664206,2.799899556031704
5.223387758544986,2.8033902145356926
5.223387758544986,2.8033902145356926
5.226395373526997,2.805161835152158
5.229402988509007,2.806933455768623
5.235418218473029,2.810476697001554
5.235418218473029,2.810476697001554
5.241464216353809,2.8139673555055422
5.241464216353809,2.8139673555055422
5.247510214234589,2.8174580140095307
5.247510214234589,2.8174580140095307
5.25355621211537,2.8209486725135196
5.25355621211537,2.8209486725135196
5.259602209996151,2.8244393310175084
5.265648207876931,2.827929989521497
5.265648207876931,2.827929989521497
5.271724359778395,2.8313677108634794
5.277770357659177,2.8348583693674683
5.277770357659177,2.8348583693674683
5.280808433609909,2.8365772300384595
5.286884585511373,2.840014951380442
5.286884585511373,2.840014951380442
5.292990582948338,2.8433995610278986
5.296028658899071,2.8451184216988903
5.299066734849804,2.846837282369882
5.299066734849804,2.846837282369882
5.305172732286769,2.8502218920173386
5.308210808237502,2.8519407526883302
5.311248884188234,2.8536596133593215
5.317354881625198,2.857044223006778
5.317354881625198,2.857044223006778
5.320422493117287,2.8587098001506845
5.3265577161014654,2.862040954438497
5.329625327593555,2.8637065315824035
5.335760550577732,2.8670376858702156
5.335760550577732,2.8670376858702156
5.338828162069822,2.868703263014122
5.341895773561911,2.870368840158028
5.344963385053999,2.872034417301934
5.348030996546088,2.87369999444584
5.354166219530265,2.877031148733652
5.357233831022354,2.878696725877558
5.3603014425144435,2.8803623030214647
5.363369054006533,2.882027880165371
5.369533191053711,2.88530540997141
5.369533191053711,2.88530540997141
5.369533191053711,2.88530540997141
5.37569732810089,2.888582939777449
5.381861465148069,2.891860469583488
5.384957677757338,2.8934722558493764
5.388053890366606,2.8950840421152644
5.394218027413785,2.8983615719213036
5.394218027413785,2.8983615719213036
5.397314240023054,2.8999733581871916
5.400410452632322,2.9015851444530796
5.403506665241591,2.903196930718968
5.409699090460127,2.906420503250744
5.412795303069395,2.908032289516632
5.415891515678664,2.90964407578252
5.415891515678664,2.90964407578252
5.422111914680199,2.912813527379812
5.422111914680199,2.912813527379812
5.428332313681735,2.9159829789771043
5.43455271268327,2.919152430574396
5.43455271268327,2.919152430574396
5.440773111684805,2.922321882171688
5.440773111684805,2.922321882171688
5.446993510686339,2.9254913337689796
5.450117381276434,2.9270488381911397
5.450117381276434,2.9270488381911397
5.456392147438531,2.9301092461340246
5.462666913600628,2.9331696540769094
5.462666913600628,2.9331696540769094
5.465817490610304,2.934672402224406
5.46896806761998,2.936175150371903
5.475269221639331,2.9391806466668955
5.478419798649006,2.9406833948143922
5.478419798649006,2.9406833948143922
5.484747020617107,2.943633826872964
5.491074242585208,2.9465842589315363
5.494250566318188,2.9480317930527264
5.500628316759189,2.9508713504967994
5.503804640492169,2.9523188846179895
5.506980964225149,2.9537664187391797
5.506980964225149,2.9537664187391797
5.51335871466615,2.956605976183252
5.51973646510715,2.9594455336273247
5.51973646510715,2.9594455336273247
5.52613867094176,2.9622292919512603
5.52613867094176,2.9622292919512603
5.535766110048399,2.966348988986097
5.535766110048399,2.966348988986097
5.53899101706307,2.9676847892089664
5.542215924077743,2.9690205894318358
5.5454408310924155,2.970356389654705
5.5519137955058255,2.9729716370366206
5.5519137955058255,2.9729716370366206
5.558386759919234,2.9755868844185356
5.561634488693356,2.9768661988046183
5.564882217467479,2.978145513190701
5.5681299462416005,2.979424827576784
5.5713776750157225,2.9807041419628666
5.574625403789845,2.98198345634895
5.5811430246996645,2.984485336610224
5.5811430246996645,2.984485336610224
5.587660645609485,2.9869872168714986
5.587660645609485,2.9869872168714986
5.594178266519304,2.989489097132773
5.594178266519304,2.989489097132773
5.600717389007157,2.9919339748482554
5.603986950251083,2.9931564137059965
5.603986950251083,2.9931564137059965
5.60725651149501,2.994378852563738
5.610526072738937,2.995601291421479
5.617086364814701,2.9979890424651496
5.617086364814701,2.9979890424651496
5.623646656890464,3.0003767935088197
5.6269370546641655,3.0015419844715012
5.630227452437868,3.002707175434183
5.63351785021157,3.0038723663968647
5.636808247985272,3.0050375573595463
5.640098645758974,3.0062027483222282
5.646699610672164,3.0084756428161956
5.646699610672164,3.0084756428161956
5.650009842688606,3.009583230955363
5.653320074705047,3.0106908190945303
5.659921039618238,3.012963713588498
5.666522004531428,3.0152366080824655
5.666522004531428,3.0152366080824655
5.66983223654787,3.016344196221633
5.676471863580629,3.018501541820217
5.676471863580629,3.018501541820217
5.683111490613388,3.0206588874188007
5.68644054854383,3.021708535352377
5.689769606474272,3.022758183285953
5.693098664404714,3.02380783121953
5.696427722335156,3.024857479153106
5.703085838196039,3.0269567750202584
5.706414896126481,3.0280064229538346
5.709743954056924,3.0290560708874112
5.713073011987366,3.030105718820988
5.71974927864498,3.0321468583758198
5.71974927864498,3.0321468583758198
5.726425545302594,3.0341879979306516
5.729772415083742,3.0351793859257086
5.73311928486489,3.0361707739207655
5.736466154646037,3.037162161915822
5.7398130244271846,3.0381535499108785
5.743159894208332,3.039144937905935
5.749870766835303,3.0410692496661342
5.756581639462274,3.042993561426333
5.756581639462274,3.042993561426333
5.756581639462274,3.042993561426333
5.7632925120892455,3.0449178731865323
5.7632925120892455,3.0449178731865323
5.770003384716216,3.046842184946731
5.7733670468591125,3.0477750110168813
5.776730709002008,3.048707837087031
5.776730709002008,3.048707837087031
5.780094371144903,3.049640663157181
5.786821695430695,3.051506315297481
5.786821695430695,3.051506315297481
5.7935651298302115,3.0533132130990435
5.7935651298302115,3.0533132130990435
5.800292454116002,3.055178865239343
5.800292454116002,3.055178865239343
5.807035888515519,3.0569857630409056
5.8137793229150345,3.0587926608424683
5.8137793229150345,3.0587926608424683
5.820522757314552,3.0605995586440313
5.823902187215122,3.061473538641417
5.823902187215122,3.061473538641417
5.830661047016262,3.0632214986361888
5.834040476916832,3.0640954786335746
5.837419906817403,3.0649694586309604
5.840799336717974,3.065843438628346
5.844178766618544,3.066717418625732
5.850952708675162,3.068406352070084
5.850952708675162,3.068406352070084
5.857726650731779,3.0700952855144363
5.861106080632349,3.070969265511822
5.86448551053292,3.071843245509208
5.86448551053292,3.071843245509208
5.8712594525895385,3.07353217895356
5.87804778909186,3.0751619143572557
5.87804778909186,3.0751619143572557
5.881441957343021,3.0759767820591035
5.884836125594182,3.0767916497609513
5.891624462096504,3.078421385164647
5.895018630347665,3.0792362528664947
5.895018630347665,3.0792362528664947
5.901821016653014,3.080806707488148
5.905215184904175,3.081621575189996
5.908609353155335,3.0824364428918436
5.908609353155335,3.0824364428918436
5.915411739460685,3.084006897513497
5.9188196121659065,3.084762404703211
5.925635357576349,3.086273419082639
5.925635357576349,3.086273419082639
5.92904323028157,3.087028926272353
5.932451102986792,3.087784433462067
5.935858975692013,3.0885399406517813
5.939266848397234,3.0892954478414953
5.9460825938076765,3.0908064622209235
5.9460825938076765,3.0908064622209235
5.952911352288992,3.092257959644187
5.952911352288992,3.092257959644187
5.959752430465477,3.0936497927297304
5.96317296955372,3.094345709272502
5.966593508641963,3.095041625815274
5.9700140477302055,3.0957375423580458
5.976867098281502,3.0970696404427436
5.976867098281502,3.0970696404427436
5.9837201488327985,3.098401738527441
5.9837201488327985,3.098401738527441
5.9905731993840945,3.0997338366121383
5.994005362926017,3.1003699505250473
5.997437526467939,3.1010060644379562
6.004301853551786,3.102278292263774
6.007734017093708,3.102914406176683
6.007734017093708,3.102914406176683
6.014609272209399,3.1041266991528333
6.014609272209399,3.1041266991528333
6.02148452732509,3.1053389921289836
6.024927269850431,3.1059151096455695
6.028370012375771,3.1064912271621554
6.0352452674914625,3.1077035201383056
6.038688010016802,3.1082796376548916
6.038688010016802,3.1082796376548916
6.04558337542758,3.109371756246311
6.04558337542758,3.109371756246311
6.052478740838358,3.11046387483773
6.052478740838358,3.11046387483773
6.059374106249135,3.1115559934291492
6.059374106249135,3.1115559934291492
6.066278651881202,3.112587884687722
6.073183197513268,3.113619775946295
6.073183197513268,3.113619775946295
6.076635470329301,3.1141357215755816
6.080087743145334,3.114651667204868
6.0835400159613675,3.1151676128341546
6.0835400159613675,3.1151676128341546
6.090453391272131,3.11613922437094
6.097366766582893,3.1171108359077255
6.097366766582893,3.1171108359077255
6.100827518093877,3.117566452487676
6.104288269604861,3.118022069067626
6.111201644915623,3.1189936806044116
6.114662396426606,3.119449297184362
6.114662396426606,3.119449297184362
6.121591675756263,3.1203001057042274
6.128520955085919,3.121150914224093
6.128520955085919,3.121150914224093
6.128520955085919,3.121150914224093
6.135450234415575,3.1220017227439585
6.142379513745232,3.122852531263824
6.142379513745232,3.122852531263824
6.152776969102386,3.12409848852908
6.152776969102386,3.12409848852908
6.159720041725326,3.124828234867508
6.159720041725326,3.124828234867508
6.166663114348267,3.125557981205936
6.170137658452266,3.1258925417506305
6.1736122025562645,3.1262271022953247
6.1770867466602635,3.126561662840019
6.180561290764262,3.1268962233847133
6.1875043633872036,3.1276259697231414
6.1909789074912025,3.1279605302678357
6.1909789074912025,3.1279605302678357
6.197933658480247,3.1285689921370228
6.197933658480247,3.1285689921370228
6.204888409469293,3.12917745400621
6.204888409469293,3.12917745400621
6.211843160458337,3.129785915875397
6.215323014259043,3.1300597863090127
6.21880286805975,3.1303336567426285
6.222282721860456,3.1306075271762444
6.229242429461869,3.131155268043476
6.229242429461869,3.131155268043476
6.232722283262575,3.131429138477092
6.236202137063282,3.1317030089107076
6.236202137063282,3.1317030089107076
6.2466505514341435,3.1324030978662236
6.25013465493438,3.1326161947651734
6.253618758434617,3.132829291664123
6.257102861934853,3.133042388563073
6.260586965435089,3.1332554854620227
6.264071068935325,3.1334685823609725
6.267555172435562,3.1336816792599222
6.274526921791213,3.13404705316137
6.274526921791213,3.13404705316137
6.281498671146863,3.1344124270628173
6.284985963054952,3.1345646855157216
6.288473254963041,3.134716943968626
6.29196054687113,3.1348692024215303
6.295447838779219,3.1350214608744347
6.298935130687307,3.135173719327339
6.305912194865592,3.135417363777238
6.305912194865592,3.135417363777238
6.312889259043878,3.135661008227137
6.312889259043878,3.135661008227137
6.319868095149964,3.135843755482055
6.323357513203008,3.135935129109514
6.323357513203008,3.135935129109514
6.3303377669225895,3.136056969891405
6.333828248210046,3.1360874308601265
6.337318729497502,3.136117891828848
6.3408092107849585,3.1361483527975698
6.3408092107849585,3.1361483527975698
6.347790527792937,3.1361483527975698
6.354771844800914,3.1361483527975698
6.354771844800914,3.1361483527975698
6.35826232608837,3.136117891828848
6.365243288663283,3.136056969891405
6.368733769950739,3.1360265089226833
6.372224251238197,3.1359960479539617
6.379204504957779,3.135874207172071
6.379204504957779,3.135874207172071
6.386184758677361,3.13575236639018
6.386184758677361,3.13575236639018
6.389674176730405,3.135660992762721
6.39665124090869,3.135417348312822
6.403628305086976,3.135173703862923
6.403628305086976,3.135173703862923
6.407115596995064,3.1350214454100187
6.414087346350715,3.134656071508571
6.421059095706365,3.1342906976071236
6.421059095706365,3.1342906976071236
6.424543199206601,3.134077600708174
6.4280273027068375,3.133864503809224
6.431511406207074,3.1336514069102743
6.438479613207547,3.133225213112375
6.438479613207547,3.133225213112375
6.445443924078172,3.1327382210558086
6.445443924078172,3.1327382210558086
6.4524082349487974,3.1322512289992424
6.4558880887495045,3.1319773585656265
6.462842839738549,3.1313688966964395
6.462842839738549,3.1313688966964395
6.462842839738549,3.1313688966964395
6.469797590727595,3.1307604348272524
6.476752341716639,3.1301519729580654
6.476752341716639,3.1301519729580654
6.480226885820638,3.129817412413371
6.487169958443579,3.129087666074943
6.4906381344710775,3.1286925173295526
6.494106310498577,3.128297368584162
6.497574486526075,3.127902219838772
6.501042662553573,3.1275070710933814
6.504510838581072,3.127111922347991
6.504510838581072,3.127111922347991
6.511440117910728,3.1262611138281255
6.518369397240384,3.12541030530826
6.518369397240384,3.12541030530826
6.521830148751368,3.1249546887283097
6.52874352406213,3.1239830771915242
6.532195796878163,3.1234671315622378
6.535648069694197,3.1229511859329513
6.53910034251023,3.122435240303665
6.53910034251023,3.122435240303665
6.546004888142297,3.121403349045092
6.5494571609583305,3.1208874034158054
6.556352176299703,3.119795340269933
6.556352176299703,3.119795340269933
6.563237661350384,3.118643105236761
6.566680403875724,3.118066987720175
6.570123146401063,3.1174908702035893
6.576998401516755,3.116278577227439
6.576998401516755,3.116278577227439
6.583873656632447,3.1150662842512884
6.58730582017437,3.1144301703383794
6.590737983716292,3.1137940564254705
6.594170147258215,3.1131579425125615
6.594170147258215,3.1131579425125615
6.601023197809511,3.111825844427864
6.607876248360807,3.1104937463431668
6.607876248360807,3.1104937463431668
6.611296787449049,3.109797829800395
6.614717326537293,3.109101913257623
6.618137865625536,3.1084059967148514
6.62496662410685,3.106954499291588
6.62496662410685,3.106954499291588
6.628374496812072,3.106198992101874
6.635190242222515,3.104687977722446
6.638598114927736,3.103932470532732
6.642005987632957,3.1031769633430177
6.642005987632957,3.1031769633430177
6.648808373938306,3.1016065087213645
6.6522025421894675,3.1007916410195167
6.658976484246085,3.0991027075751645
6.658976484246085,3.0991027075751645
6.665750426302703,3.0974137741308123
6.672524368359322,3.09572484068646
6.672524368359322,3.09572484068646
6.675903798259892,3.094850860689075
6.682662658061033,3.0931029006943036
6.6894060924605485,3.091296002892741
6.6894060924605485,3.091296002892741
6.692769754603445,3.090363176822591
6.699497078889236,3.0884975246822917
6.702860741032132,3.087564698612142
6.706224403175027,3.086631872541992
6.706224403175027,3.086631872541992
6.712935275801998,3.0847075607817933
6.71964614842897,3.082783249021594
6.722993018210117,3.0817918610265376
6.722993018210117,3.0817918610265376
6.7296692848677315,3.0797507214717053
6.736345551525345,3.0777095819168734
6.736345551525345,3.0777095819168734
6.74302181818296,3.075668442362041
6.746350876113402,3.074618794428465
6.746350876113402,3.074618794428465
6.752990503146161,3.072461448829881
6.759610967179046,3.070246272551546
6.762921199195487,3.0691386844123785
6.762921199195487,3.0691386844123785
6.76954166322837,3.066923508134044
6.772851895244813,3.0658159199948765
6.776162127261254,3.064708331855709
6.776162127261254,3.064708331855709
6.782763092174445,3.0624354373617413
6.786053489948147,3.0612702463990598
6.79261378202391,3.0588824953553897
6.79261378202391,3.0588824953553897
6.79261378202391,3.0588824953553897
6.799174074099674,3.056494744311719
6.8024436353436,3.0552723054539777
6.805713196587527,3.0540498665962366
6.808982757831453,3.0528274277384955
6.815521880319306,3.050382550023013
6.815521880319306,3.050382550023013
6.822039501229126,3.047880669761738
6.822039501229126,3.047880669761738
6.82853495877737,3.0453220409895727
6.831782687551492,3.04404272660349
6.831782687551492,3.04404272660349
6.8382781450997365,3.041484097831324
6.841503052114408,3.0401482976084546
6.844727959129081,3.038812497385585
6.847952866143753,3.0374766971627154
6.854379202333087,3.034748879289847
6.854379202333087,3.034748879289847
6.86080553852242,3.032021061416979
6.86080553852242,3.032021061416979
6.864006641439725,3.030629182255011
6.86720774435703,3.0292373030930433
6.8704088472743345,3.0278454239310753
6.876786597715336,3.0250058664870023
6.876786597715336,3.0250058664870023
6.8831643481563365,3.02216630904293
6.886340671889316,3.0207187749217397
6.889516995622296,3.0192712408005495
6.892693319355276,3.0178237066793594
6.899020541323377,3.014873274620787
6.899020541323377,3.014873274620787
6.905347763291479,3.011922842562215
6.908498340301154,3.0104200944147186
6.914773106463251,3.0073596864718337
6.914773106463251,3.0073596864718337
6.917923683472926,3.005856938324337
6.924198131072696,3.0027966857546806
6.927322001662791,3.0012391813325205
6.930445872252885,2.999681676910361
6.930445872252885,2.999681676910361
6.93666627125442,2.996512225313069
6.942886670255955,2.993342773715777
6.942886670255955,2.993342773715777
6.9459828828652235,2.991730987449889
6.95217530808376,2.988507414918113
6.95217530808376,2.988507414918113
6.958339445130939,2.985229885112074
6.958339445130939,2.985229885112074
6.964503582178117,2.9819523553060354
6.967571193670206,2.9802867781621294
6.9736771911071695,2.976902168514673
6.9736771911071695,2.976902168514673
6.979783188544134,2.973517558867216
6.979783188544134,2.973517558867216
6.982821264494867,2.971798698196224
6.985859340445599,2.970079837525233
6.988897416396331,2.9683609768542416
6.994943414277111,2.964870318350253
6.994943414277111,2.964870318350253
7.000989412157893,2.961379659846264
7.003997027139904,2.9596080392297988
7.003997027139904,2.9596080392297988
7.009981183794978,2.956012395157673
7.009981183794978,2.956012395157673
7.015965340450052,2.952416751085548
7.018941578314681,2.9505929101764106
7.021917816179312,2.9487690692672732
7.024894054043942,2.9469452283581354
7.0308145466412215,2.9432456939858898
7.0367350392385015,2.9395461596136436
7.0367350392385015,2.9395461596136436
7.039678993394865,2.9376706539714434
7.042622947551229,2.9357951483292433
7.045566901707593,2.933919642687043
7.045566901707593,2.933919642687043
7.05142192680768,2.9301173449286844
7.054332700498825,2.9281907458506073
7.057243474189969,2.9262641467725308
7.060154247881113,2.9243375476944546
7.065975795263401,2.9204843495383024
7.065975795263401,2.9204843495383024
7.071763569368931,2.916580446610562
7.074640275944992,2.9146033409573517
7.080359036043905,2.9105990220268794
7.080359036043905,2.9105990220268794
7.08607779614282,2.9065947030964066
7.08607779614282,2.9065947030964066
7.09176132251939,2.902540683130789
7.094603085707676,2.9005136731479797
7.097444848895961,2.898486663165171
7.100286612084246,2.896459653182362
7.105934616186818,2.892356138003495
7.105934616186818,2.892356138003495
7.108740570358734,2.8902798411379633
7.114352478702564,2.8861272474069013
7.114352478702564,2.8861272474069013
7.119928006372032,2.8819257859501137
7.119928006372032,2.8819257859501137
7.125503534041499,2.877724324493326
7.128272824476221,2.8755993732052123
7.131042114910943,2.8734744219170976
7.133811405345664,2.8713494706289837
7.133811405345664,2.8713494706289837
7.139312758222288,2.8670513427001367
7.144814111098912,2.8627532147712897
7.144814111098912,2.8627532147712897
7.147545894243748,2.860580256341339
7.152971396562148,2.8561867711918363
7.158396898880549,2.8517932860423327
7.161090342607889,2.849572982374734
7.161090342607889,2.849572982374734
7.166438341707502,2.8450854783027126
7.171786340807115,2.8405979742306906
7.171786340807115,2.8405979742306906
7.171786340807115,2.8405979742306906
7.1770949085287015,2.836064029072208
7.179749192389496,2.8337970564929664
7.179749192389496,2.8337970564929664
7.185018059217988,2.829216900435638
7.190286926046481,2.8246367443783096
7.190286926046481,2.8246367443783096
7.19551555699382,2.820010842480159
7.19551555699382,2.820010842480159
7.19812987246749,2.8176978915310835
7.203318002076986,2.813026478648352
7.203318002076986,2.813026478648352
7.208465103558441,2.808310029105063
7.21103865429917,2.8059518043334175
7.21103865429917,2.8059518043334175
7.216144466335131,2.8011905575829004
7.221250278371092,2.7964293108323837
7.223782280450392,2.79402653057628
7.223782280450392,2.79402653057628
7.228804219633012,2.7891769002798603
7.231293901778521,2.7867302964494396
7.233783583924032,2.7842836926190184
7.238762948215051,2.779390484958177
7.238762948215051,2.779390484958177
7.24125263036056,2.7769438811277563
7.246189166958515,2.7720073445298024
7.246189166958515,2.7720073445298024
7.248635770788935,2.7695176623842923
7.253528978449776,2.7645382980932722
7.253528978449776,2.7645382980932722
7.258378608746195,2.759516358910653
7.258378608746195,2.759516358910653
7.265631019298717,2.751962417648734
7.265631019298717,2.751962417648734
7.270392266049234,2.7468566056127726
7.270392266049234,2.7468566056127726
7.275108715592524,2.7417095041313164
7.277466940364169,2.7391359533905884
7.279825165135814,2.7365624026498603
7.282183389907459,2.733988851909132
7.284496340856535,2.7313745364354616
7.286809291805611,2.7287602209617914
7.291435193703762,2.7235315900144506
7.291435193703762,2.7235315900144506
7.293748144652838,2.7209172745407804
7.298328300710167,2.7156484077122873
7.298328300710167,2.7156484077122873
7.3005952732894075,2.712994123851494
7.305082777361429,2.707646124751881
7.309523384696625,2.7022592372972007
7.309523384696625,2.7022592372972007
7.311743688364223,2.6995657935698607
7.316137173513727,2.6941402912514594
7.316137173513727,2.6941402912514594
7.316137173513727,2.6941402912514594
7.32053065866323,2.6887147889330594
7.322703617093181,2.685983005788224
7.327001745022028,2.6804816529116007
7.327001745022028,2.6804816529116007
7.3291266963101425,2.677712362476879
7.33332815776693,2.672136834807411
7.335404454632461,2.669330880635496
7.337480751497992,2.6665249264635813
7.339557048363523,2.6637189722916657
7.34366056354239,2.6580709681890937
7.34366056354239,2.6580709681890937
7.345687573525199,2.6552292050008086
7.3497415934908155,2.6495456786242384
7.3497415934908155,2.6495456786242384
7.353745912421289,2.643826918525324
7.355723018074499,2.6409502119492645
7.3596269210022385,2.635162437843734
7.3596269210022385,2.635162437843734
7.3615535200803155,2.6322516641525895
7.363480119158392,2.629340890461446
7.367333317314544,2.623519343079158
7.36925991639262,2.620608569388014
7.36925991639262,2.620608569388014
7.373062214150979,2.614753544287926
7.37493771979318,2.611809590131561
7.378637254165426,2.605889097534282
7.378637254165426,2.605889097534282
7.380461095074563,2.602912859669652
7.3841087768928375,2.596960383940391
7.3841087768928375,2.596960383940391
7.387704420964963,2.590976227285318
7.389476041581428,2.587968612303307
7.392966700085418,2.5819226144225262
7.392966700085418,2.5819226144225262
7.394685560756409,2.5788845384717938
7.396404421427401,2.5758464625210604
7.399842142769384,2.5697703106195955
7.401561003440376,2.566732234668862
7.401561003440376,2.566732234668862
7.403226580584282,2.563664623176773
7.406504110390321,2.557500486129594
7.40978164019636,2.551336349082415
7.40978164019636,2.551336349082415
7.4130052127281365,2.5451439238638778
7.414616998994025,2.542047711254609
7.416228785259913,2.5389514986453405
7.417840571525802,2.535855286036071
7.420955580370122,2.5296075448558835
7.422513084792282,2.5264836742657897
7.422513084792282,2.5264836742657897
7.425573492735167,2.520208908103693
7.427076240882664,2.5170583310940176
7.42857898903016,2.513907754084342
7.430081737177656,2.510757177074667
7.430081737177656,2.510757177074667
7.434479703357419,2.5012536313735847
7.434479703357419,2.5012536313735847
7.437319260801492,2.494875880932584
7.437319260801492,2.494875880932584
7.440103019125428,2.488473675097974
7.441494898287396,2.4852725721806688
7.442886777449364,2.4820714692633636
7.444278656611332,2.4788703663460576
7.4456144568342015,2.4756454593313855
7.446950257057071,2.4724205523167124
7.44828605727994,2.4691956453020403
7.44828605727994,2.4691956453020403
7.450901304661856,2.4627226808886307
7.453459933434021,2.456227223340387
7.453459933434021,2.456227223340387
7.454739247820104,2.452979494566265
7.457184125535587,2.446440372078413
7.458406564393329,2.443170810834486
7.458406564393329,2.443170810834486
7.460794315436999,2.436610518758722
7.461959506399681,2.43332012098502
7.463124697362362,2.4300297232113177
7.464289888325044,2.4267393254376155
7.464289888325044,2.4267393254376155
7.466620270250407,2.420158529890211
7.468835446528741,2.413538065857327
7.468835446528741,2.413538065857327
7.469943034667909,2.4102278338408847
7.472100380266493,2.4035882068081262
7.472100380266493,2.4035882068081262
7.473150028200069,2.4002591488776837
7.475191167754901,2.3935828822200698
7.476182555749958,2.3902360124389226
7.476182555749958,2.3902360124389226
7.4781068675101565,2.383525139811951
7.479039693580306,2.3801614776690556
7.479972519650456,2.37679781552616
7.480905345720606,2.373434153383265
7.480905345720606,2.373434153383265
7.482712243522168,2.3666907189837487
7.483586223519554,2.3633112890831773
7.48446020351694,2.359931859182607
7.4853341835143254,2.3565524292820363
7.487023116958677,2.3497784872254175
7.4878379846605245,2.3463843189742573
7.4878379846605245,2.3463843189742573
7.489408439282178,2.3395819326689087
7.490163946471892,2.336174059963687
7.490163946471892,2.336174059963687
7.491615443895155,2.3293453014823733
7.492311360437927,2.3259247623941297
7.493643458522624,2.319071711842834
7.493643458522624,2.319071711842834
7.494975556607321,2.3122186612915376
7.494975556607321,2.3122186612915376
7.496247784433138,2.3053543342076903
7.496883898346047,2.3019221706657684
7.497460015862633,2.298479428140428
7.497460015862633,2.298479428140428
7.498552134454052,2.2915840627296498
7.499644253045472,2.2846886973188734
7.500160198674759,2.28123642450284
7.500160198674759,2.28123642450284
7.501131810211544,2.274323049192076
7.501587426791494,2.2708622976810937
7.5024382353113594,2.2639330183514375
7.5024382353113594,2.2639330183514375
7.50322853280214,2.2569966662964402
7.503623681547531,2.2535284902689416
7.503623681547531,2.2535284902689416
7.504353427885959,2.246585417646002
7.504687988430653,2.243110873542003
7.505022548975348,2.239636329438004
7.505357109520043,2.236161785334004
7.505630979953659,2.232681931533298
7.50617872082089,2.2257222239318857
7.50617872082089,2.2257222239318857
7.50639181771984,2.2222381204316486
7.506757191621288,2.2152663710759986
7.506909450074192,2.2117790791679104
7.507153094524091,2.204802014989624
7.50724446815155,2.2013125969365817
7.507274929120272,2.1978221156491244
7.507274929120272,2.1908407986411467
7.50724446815155,2.1873503173536912
7.507153094524091,2.183860899300647
7.506909450074192,2.1768838351223625
7.506757191621288,2.1733965432142743
